23.jpg 4.jpg 0 0 1163.45 0. 653.626 0. 1164.79 481.6 0. 0. 1. 1163.45 0. 653.626 0. 1164.79 481.6 0. 0. 1. 0.78593 -0.35128 0.50884 -1.51061 0.39215 0.91944 0.02904 -0.05367 -0.47805 0.17672 0.86037 0.056 0. 0. 0. 1.
23.jpg 8.jpg 0 0 1163.45 0. 653.626 0. 1164.79 481.6 0. 0. 1. 1163.45 0. 653.626 0. 1164.79 481.6 0. 0. 1. 0.78593 -0.35128 0.50884 -1.51061 0.39215 0.91944 0.02904 -0.05367 -0.47805 0.17672 0.86037 0.056 0. 0. 0. 1.
23.jpg 1.jpg 0 0 1163.45 0. 653.626 0. 1164.79 481.6 0. 0. 1. 1163.45 0. 653.626 0. 1164.79 481.6 0. 0. 1. 0.78593 -0.35128 0.50884 -1.51061 0.39215 0.91944 0.02904 -0.05367 -0.47805 0.17672 0.86037 0.056 0. 0. 0. 1.
23.jpg 13.jpg 0 0 1163.45 0. 653.626 0. 1164.79 481.6 0. 0. 1. 1163.45 0. 653.626 0. 1164.79 481.6 0. 0. 1. 0.78593 -0.35128 0.50884 -1.51061 0.39215 0.91944 0.02904 -0.05367 -0.47805 0.17672 0.86037 0.056 0. 0. 0. 1.
23.jpg 14.jpg 0 0 1163.45 0. 653.626 0. 1164.79 481.6 0. 0. 1. 1163.45 0. 653.626 0. 1164.79 481.6 0. 0. 1. 0.78593 -0.35128 0.50884 -1.51061 0.39215 0.91944 0.02904 -0.05367 -0.47805 0.17672 0.86037 0.056 0. 0. 0. 1.
23.jpg 6.jpg 0 0 1163.45 0. 653.626 0. 1164.79 481.6 0. 0. 1. 1163.45 0. 653.626 0. 1164.79 481.6 0. 0. 1. 0.78593 -0.35128 0.50884 -1.51061 0.39215 0.91944 0.02904 -0.05367 -0.47805 0.17672 0.86037 0.056 0. 0. 0. 1.
23.jpg 24.jpg 0 0 1163.45 0. 653.626 0. 1164.79 481.6 0. 0. 1. 1163.45 0. 653.626 0. 1164.79 481.6 0. 0. 1. 0.78593 -0.35128 0.50884 -1.51061 0.39215 0.91944 0.02904 -0.05367 -0.47805 0.17672 0.86037 0.056 0. 0. 0. 1.
23.jpg 2.jpg 0 0 1163.45 0. 653.626 0. 1164.79 481.6 0. 0. 1. 1163.45 0. 653.626 0. 1164.79 481.6 0. 0. 1. 0.78593 -0.35128 0.50884 -1.51061 0.39215 0.91944 0.02904 -0.05367 -0.47805 0.17672 0.86037 0.056 0. 0. 0. 1.
23.jpg 7.jpg 0 0 1163.45 0. 653.626 0. 1164.79 481.6 0. 0. 1. 1163.45 0. 653.626 0. 1164.79 481.6 0. 0. 1. 0.78593 -0.35128 0.50884 -1.51061 0.39215 0.91944 0.02904 -0.05367 -0.47805 0.17672 0.86037 0.056 0. 0. 0. 1.
23.jpg 15.jpg 0 0 1163.45 0. 653.626 0. 1164.79 481.6 0. 0. 1. 1163.45 0. 653.626 0. 1164.79 481.6 0. 0. 1. 0.78593 -0.35128 0.50884 -1.51061 0.39215 0.91944 0.02904 -0.05367 -0.47805 0.17672 0.86037 0.056 0. 0. 0. 1.
23.jpg 5.jpg 0 0 1163.45 0. 653.626 0. 1164.79 481.6 0. 0. 1. 1163.45 0. 653.626 0. 1164.79 481.6 0. 0. 1. 0.78593 -0.35128 0.50884 -1.51061 0.39215 0.91944 0.02904 -0.05367 -0.47805 0.17672 0.86037 0.056 0. 0. 0. 1.
23.jpg 22.jpg 0 0 1163.45 0. 653.626 0. 1164.79 481.6 0. 0. 1. 1163.45 0. 653.626 0. 1164.79 481.6 0. 0. 1. 0.78593 -0.35128 0.50884 -1.51061 0.39215 0.91944 0.02904 -0.05367 -0.47805 0.17672 0.86037 0.056 0. 0. 0. 1.
23.jpg 21.jpg 0 0 1163.45 0. 653.626 0. 1164.79 481.6 0. 0. 1. 1163.45 0. 653.626 0. 1164.79 481.6 0. 0. 1. 0.78593 -0.35128 0.50884 -1.51061 0.39215 0.91944 0.02904 -0.05367 -0.47805 0.17672 0.86037 0.056 0. 0. 0. 1.
23.jpg 20.jpg 0 0 1163.45 0. 653.626 0. 1164.79 481.6 0. 0. 1. 1163.45 0. 653.626 0. 1164.79 481.6 0. 0. 1. 0.78593 -0.35128 0.50884 -1.51061 0.39215 0.91944 0.02904 -0.05367 -0.47805 0.17672 0.86037 0.056 0. 0. 0. 1.
23.jpg 9.jpg 0 0 1163.45 0. 653.626 0. 1164.79 481.6 0. 0. 1. 1163.45 0. 653.626 0. 1164.79 481.6 0. 0. 1. 0.78593 -0.35128 0.50884 -1.51061 0.39215 0.91944 0.02904 -0.05367 -0.47805 0.17672 0.86037 0.056 0. 0. 0. 1.
23.jpg 12.jpg 0 0 1163.45 0. 653.626 0. 1164.79 481.6 0. 0. 1. 1163.45 0. 653.626 0. 1164.79 481.6 0. 0. 1. 0.78593 -0.35128 0.50884 -1.51061 0.39215 0.91944 0.02904 -0.05367 -0.47805 0.17672 0.86037 0.056 0. 0. 0. 1.
23.jpg 11.jpg 0 0 1163.45 0. 653.626 0. 1164.79 481.6 0. 0. 1. 1163.45 0. 653.626 0. 1164.79 481.6 0. 0. 1. 0.78593 -0.35128 0.50884 -1.51061 0.39215 0.91944 0.02904 -0.05367 -0.47805 0.17672 0.86037 0.056 0. 0. 0. 1.
23.jpg 19.jpg 0 0 1163.45 0. 653.626 0. 1164.79 481.6 0. 0. 1. 1163.45 0. 653.626 0. 1164.79 481.6 0. 0. 1. 0.78593 -0.35128 0.50884 -1.51061 0.39215 0.91944 0.02904 -0.05367 -0.47805 0.17672 0.86037 0.056 0. 0. 0. 1.
23.jpg 10.jpg 0 0 1163.45 0. 653.626 0. 1164.79 481.6 0. 0. 1. 1163.45 0. 653.626 0. 1164.79 481.6 0. 0. 1. 0.78593 -0.35128 0.50884 -1.51061 0.39215 0.91944 0.02904 -0.05367 -0.47805 0.17672 0.86037 0.056 0. 0. 0. 1.
23.jpg 3.jpg 0 0 1163.45 0. 653.626 0. 1164.79 481.6 0. 0. 1. 1163.45 0. 653.626 0. 1164.79 481.6 0. 0. 1. 0.78593 -0.35128 0.50884 -1.51061 0.39215 0.91944 0.02904 -0.05367 -0.47805 0.17672 0.86037 0.056 0. 0. 0. 1.
23.jpg 0.jpg 0 0 1163.45 0. 653.626 0. 1164.79 481.6 0. 0. 1. 1163.45 0. 653.626 0. 1164.79 481.6 0. 0. 1. 0.78593 -0.35128 0.50884 -1.51061 0.39215 0.91944 0.02904 -0.05367 -0.47805 0.17672 0.86037 0.056 0. 0. 0. 1.
23.jpg 17.jpg 0 0 1163.45 0. 653.626 0. 1164.79 481.6 0. 0. 1. 1163.45 0. 653.626 0. 1164.79 481.6 0. 0. 1. 0.78593 -0.35128 0.50884 -1.51061 0.39215 0.91944 0.02904 -0.05367 -0.47805 0.17672 0.86037 0.056 0. 0. 0. 1.
23.jpg 16.jpg 0 0 1163.45 0. 653.626 0. 1164.79 481.6 0. 0. 1. 1163.45 0. 653.626 0. 1164.79 481.6 0. 0. 1. 0.78593 -0.35128 0.50884 -1.51061 0.39215 0.91944 0.02904 -0.05367 -0.47805 0.17672 0.86037 0.056 0. 0. 0. 1.
23.jpg 18.jpg 0 0 1163.45 0. 653.626 0. 1164.79 481.6 0. 0. 1. 1163.45 0. 653.626 0. 1164.79 481.6 0. 0. 1. 0.78593 -0.35128 0.50884 -1.51061 0.39215 0.91944 0.02904 -0.05367 -0.47805 0.17672 0.86037 0.056 0. 0. 0. 1.
4.jpg 8.jpg 0 0 1163.45 0. 653.626 0. 1164.79 481.6 0. 0. 1. 1163.45 0. 653.626 0. 1164.79 481.6 0. 0. 1. 0.78593 -0.35128 0.50884 -1.51061 0.39215 0.91944 0.02904 -0.05367 -0.47805 0.17672 0.86037 0.056 0. 0. 0. 1.
4.jpg 1.jpg 0 0 1163.45 0. 653.626 0. 1164.79 481.6 0. 0. 1. 1163.45 0. 653.626 0. 1164.79 481.6 0. 0. 1. 0.78593 -0.35128 0.50884 -1.51061 0.39215 0.91944 0.02904 -0.05367 -0.47805 0.17672 0.86037 0.056 0. 0. 0. 1.
4.jpg 13.jpg 0 0 1163.45 0. 653.626 0. 1164.79 481.6 0. 0. 1. 1163.45 0. 653.626 0. 1164.79 481.6 0. 0. 1. 0.78593 -0.35128 0.50884 -1.51061 0.39215 0.91944 0.02904 -0.05367 -0.47805 0.17672 0.86037 0.056 0. 0. 0. 1.
4.jpg 14.jpg 0 0 1163.45 0. 653.626 0. 1164.79 481.6 0. 0. 1. 1163.45 0. 653.626 0. 1164.79 481.6 0. 0. 1. 0.78593 -0.35128 0.50884 -1.51061 0.39215 0.91944 0.02904 -0.05367 -0.47805 0.17672 0.86037 0.056 0. 0. 0. 1.
4.jpg 6.jpg 0 0 1163.45 0. 653.626 0. 1164.79 481.6 0. 0. 1. 1163.45 0. 653.626 0. 1164.79 481.6 0. 0. 1. 0.78593 -0.35128 0.50884 -1.51061 0.39215 0.91944 0.02904 -0.05367 -0.47805 0.17672 0.86037 0.056 0. 0. 0. 1.
4.jpg 24.jpg 0 0 1163.45 0. 653.626 0. 1164.79 481.6 0. 0. 1. 1163.45 0. 653.626 0. 1164.79 481.6 0. 0. 1. 0.78593 -0.35128 0.50884 -1.51061 0.39215 0.91944 0.02904 -0.05367 -0.47805 0.17672 0.86037 0.056 0. 0. 0. 1.
4.jpg 2.jpg 0 0 1163.45 0. 653.626 0. 1164.79 481.6 0. 0. 1. 1163.45 0. 653.626 0. 1164.79 481.6 0. 0. 1. 0.78593 -0.35128 0.50884 -1.51061 0.39215 0.91944 0.02904 -0.05367 -0.47805 0.17672 0.86037 0.056 0. 0. 0. 1.
4.jpg 7.jpg 0 0 1163.45 0. 653.626 0. 1164.79 481.6 0. 0. 1. 1163.45 0. 653.626 0. 1164.79 481.6 0. 0. 1. 0.78593 -0.35128 0.50884 -1.51061 0.39215 0.91944 0.02904 -0.05367 -0.47805 0.17672 0.86037 0.056 0. 0. 0. 1.
4.jpg 15.jpg 0 0 1163.45 0. 653.626 0. 1164.79 481.6 0. 0. 1. 1163.45 0. 653.626 0. 1164.79 481.6 0. 0. 1. 0.78593 -0.35128 0.50884 -1.51061 0.39215 0.91944 0.02904 -0.05367 -0.47805 0.17672 0.86037 0.056 0. 0. 0. 1.
4.jpg 5.jpg 0 0 1163.45 0. 653.626 0. 1164.79 481.6 0. 0. 1. 1163.45 0. 653.626 0. 1164.79 481.6 0. 0. 1. 0.78593 -0.35128 0.50884 -1.51061 0.39215 0.91944 0.02904 -0.05367 -0.47805 0.17672 0.86037 0.056 0. 0. 0. 1.
4.jpg 22.jpg 0 0 1163.45 0. 653.626 0. 1164.79 481.6 0. 0. 1. 1163.45 0. 653.626 0. 1164.79 481.6 0. 0. 1. 0.78593 -0.35128 0.50884 -1.51061 0.39215 0.91944 0.02904 -0.05367 -0.47805 0.17672 0.86037 0.056 0. 0. 0. 1.
4.jpg 21.jpg 0 0 1163.45 0. 653.626 0. 1164.79 481.6 0. 0. 1. 1163.45 0. 653.626 0. 1164.79 481.6 0. 0. 1. 0.78593 -0.35128 0.50884 -1.51061 0.39215 0.91944 0.02904 -0.05367 -0.47805 0.17672 0.86037 0.056 0. 0. 0. 1.
4.jpg 20.jpg 0 0 1163.45 0. 653.626 0. 1164.79 481.6 0. 0. 1. 1163.45 0. 653.626 0. 1164.79 481.6 0. 0. 1. 0.78593 -0.35128 0.50884 -1.51061 0.39215 0.91944 0.02904 -0.05367 -0.47805 0.17672 0.86037 0.056 0. 0. 0. 1.
4.jpg 9.jpg 0 0 1163.45 0. 653.626 0. 1164.79 481.6 0. 0. 1. 1163.45 0. 653.626 0. 1164.79 481.6 0. 0. 1. 0.78593 -0.35128 0.50884 -1.51061 0.39215 0.91944 0.02904 -0.05367 -0.47805 0.17672 0.86037 0.056 0. 0. 0. 1.
4.jpg 12.jpg 0 0 1163.45 0. 653.626 0. 1164.79 481.6 0. 0. 1. 1163.45 0. 653.626 0. 1164.79 481.6 0. 0. 1. 0.78593 -0.35128 0.50884 -1.51061 0.39215 0.91944 0.02904 -0.05367 -0.47805 0.17672 0.86037 0.056 0. 0. 0. 1.
4.jpg 11.jpg 0 0 1163.45 0. 653.626 0. 1164.79 481.6 0. 0. 1. 1163.45 0. 653.626 0. 1164.79 481.6 0. 0. 1. 0.78593 -0.35128 0.50884 -1.51061 0.39215 0.91944 0.02904 -0.05367 -0.47805 0.17672 0.86037 0.056 0. 0. 0. 1.
4.jpg 19.jpg 0 0 1163.45 0. 653.626 0. 1164.79 481.6 0. 0. 1. 1163.45 0. 653.626 0. 1164.79 481.6 0. 0. 1. 0.78593 -0.35128 0.50884 -1.51061 0.39215 0.91944 0.02904 -0.05367 -0.47805 0.17672 0.86037 0.056 0. 0. 0. 1.
4.jpg 10.jpg 0 0 1163.45 0. 653.626 0. 1164.79 481.6 0. 0. 1. 1163.45 0. 653.626 0. 1164.79 481.6 0. 0. 1. 0.78593 -0.35128 0.50884 -1.51061 0.39215 0.91944 0.02904 -0.05367 -0.47805 0.17672 0.86037 0.056 0. 0. 0. 1.
4.jpg 3.jpg 0 0 1163.45 0. 653.626 0. 1164.79 481.6 0. 0. 1. 1163.45 0. 653.626 0. 1164.79 481.6 0. 0. 1. 0.78593 -0.35128 0.50884 -1.51061 0.39215 0.91944 0.02904 -0.05367 -0.47805 0.17672 0.86037 0.056 0. 0. 0. 1.
4.jpg 0.jpg 0 0 1163.45 0. 653.626 0. 1164.79 481.6 0. 0. 1. 1163.45 0. 653.626 0. 1164.79 481.6 0. 0. 1. 0.78593 -0.35128 0.50884 -1.51061 0.39215 0.91944 0.02904 -0.05367 -0.47805 0.17672 0.86037 0.056 0. 0. 0. 1.
4.jpg 17.jpg 0 0 1163.45 0. 653.626 0. 1164.79 481.6 0. 0. 1. 1163.45 0. 653.626 0. 1164.79 481.6 0. 0. 1. 0.78593 -0.35128 0.50884 -1.51061 0.39215 0.91944 0.02904 -0.05367 -0.47805 0.17672 0.86037 0.056 0. 0. 0. 1.
4.jpg 16.jpg 0 0 1163.45 0. 653.626 0. 1164.79 481.6 0. 0. 1. 1163.45 0. 653.626 0. 1164.79 481.6 0. 0. 1. 0.78593 -0.35128 0.50884 -1.51061 0.39215 0.91944 0.02904 -0.05367 -0.47805 0.17672 0.86037 0.056 0. 0. 0. 1.
4.jpg 18.jpg 0 0 1163.45 0. 653.626 0. 1164.79 481.6 0. 0. 1. 1163.45 0. 653.626 0. 1164.79 481.6 0. 0. 1. 0.78593 -0.35128 0.50884 -1.51061 0.39215 0.91944 0.02904 -0.05367 -0.47805 0.17672 0.86037 0.056 0. 0. 0. 1.
8.jpg 1.jpg 0 0 1163.45 0. 653.626 0. 1164.79 481.6 0. 0. 1. 1163.45 0. 653.626 0. 1164.79 481.6 0. 0. 1. 0.78593 -0.35128 0.50884 -1.51061 0.39215 0.91944 0.02904 -0.05367 -0.47805 0.17672 0.86037 0.056 0. 0. 0. 1.
8.jpg 13.jpg 0 0 1163.45 0. 653.626 0. 1164.79 481.6 0. 0. 1. 1163.45 0. 653.626 0. 1164.79 481.6 0. 0. 1. 0.78593 -0.35128 0.50884 -1.51061 0.39215 0.91944 0.02904 -0.05367 -0.47805 0.17672 0.86037 0.056 0. 0. 0. 1.
8.jpg 14.jpg 0 0 1163.45 0. 653.626 0. 1164.79 481.6 0. 0. 1. 1163.45 0. 653.626 0. 1164.79 481.6 0. 0. 1. 0.78593 -0.35128 0.50884 -1.51061 0.39215 0.91944 0.02904 -0.05367 -0.47805 0.17672 0.86037 0.056 0. 0. 0. 1.
8.jpg 6.jpg 0 0 1163.45 0. 653.626 0. 1164.79 481.6 0. 0. 1. 1163.45 0. 653.626 0. 1164.79 481.6 0. 0. 1. 0.78593 -0.35128 0.50884 -1.51061 0.39215 0.91944 0.02904 -0.05367 -0.47805 0.17672 0.86037 0.056 0. 0. 0. 1.
8.jpg 24.jpg 0 0 1163.45 0. 653.626 0. 1164.79 481.6 0. 0. 1. 1163.45 0. 653.626 0. 1164.79 481.6 0. 0. 1. 0.78593 -0.35128 0.50884 -1.51061 0.39215 0.91944 0.02904 -0.05367 -0.47805 0.17672 0.86037 0.056 0. 0. 0. 1.
8.jpg 2.jpg 0 0 1163.45 0. 653.626 0. 1164.79 481.6 0. 0. 1. 1163.45 0. 653.626 0. 1164.79 481.6 0. 0. 1. 0.78593 -0.35128 0.50884 -1.51061 0.39215 0.91944 0.02904 -0.05367 -0.47805 0.17672 0.86037 0.056 0. 0. 0. 1.
8.jpg 7.jpg 0 0 1163.45 0. 653.626 0. 1164.79 481.6 0. 0. 1. 1163.45 0. 653.626 0. 1164.79 481.6 0. 0. 1. 0.78593 -0.35128 0.50884 -1.51061 0.39215 0.91944 0.02904 -0.05367 -0.47805 0.17672 0.86037 0.056 0. 0. 0. 1.
8.jpg 15.jpg 0 0 1163.45 0. 653.626 0. 1164.79 481.6 0. 0. 1. 1163.45 0. 653.626 0. 1164.79 481.6 0. 0. 1. 0.78593 -0.35128 0.50884 -1.51061 0.39215 0.91944 0.02904 -0.05367 -0.47805 0.17672 0.86037 0.056 0. 0. 0. 1.
8.jpg 5.jpg 0 0 1163.45 0. 653.626 0. 1164.79 481.6 0. 0. 1. 1163.45 0. 653.626 0. 1164.79 481.6 0. 0. 1. 0.78593 -0.35128 0.50884 -1.51061 0.39215 0.91944 0.02904 -0.05367 -0.47805 0.17672 0.86037 0.056 0. 0. 0. 1.
8.jpg 22.jpg 0 0 1163.45 0. 653.626 0. 1164.79 481.6 0. 0. 1. 1163.45 0. 653.626 0. 1164.79 481.6 0. 0. 1. 0.78593 -0.35128 0.50884 -1.51061 0.39215 0.91944 0.02904 -0.05367 -0.47805 0.17672 0.86037 0.056 0. 0. 0. 1.
8.jpg 21.jpg 0 0 1163.45 0. 653.626 0. 1164.79 481.6 0. 0. 1. 1163.45 0. 653.626 0. 1164.79 481.6 0. 0. 1. 0.78593 -0.35128 0.50884 -1.51061 0.39215 0.91944 0.02904 -0.05367 -0.47805 0.17672 0.86037 0.056 0. 0. 0. 1.
8.jpg 20.jpg 0 0 1163.45 0. 653.626 0. 1164.79 481.6 0. 0. 1. 1163.45 0. 653.626 0. 1164.79 481.6 0. 0. 1. 0.78593 -0.35128 0.50884 -1.51061 0.39215 0.91944 0.02904 -0.05367 -0.47805 0.17672 0.86037 0.056 0. 0. 0. 1.
8.jpg 9.jpg 0 0 1163.45 0. 653.626 0. 1164.79 481.6 0. 0. 1. 1163.45 0. 653.626 0. 1164.79 481.6 0. 0. 1. 0.78593 -0.35128 0.50884 -1.51061 0.39215 0.91944 0.02904 -0.05367 -0.47805 0.17672 0.86037 0.056 0. 0. 0. 1.
8.jpg 12.jpg 0 0 1163.45 0. 653.626 0. 1164.79 481.6 0. 0. 1. 1163.45 0. 653.626 0. 1164.79 481.6 0. 0. 1. 0.78593 -0.35128 0.50884 -1.51061 0.39215 0.91944 0.02904 -0.05367 -0.47805 0.17672 0.86037 0.056 0. 0. 0. 1.
8.jpg 11.jpg 0 0 1163.45 0. 653.626 0. 1164.79 481.6 0. 0. 1. 1163.45 0. 653.626 0. 1164.79 481.6 0. 0. 1. 0.78593 -0.35128 0.50884 -1.51061 0.39215 0.91944 0.02904 -0.05367 -0.47805 0.17672 0.86037 0.056 0. 0. 0. 1.
8.jpg 19.jpg 0 0 1163.45 0. 653.626 0. 1164.79 481.6 0. 0. 1. 1163.45 0. 653.626 0. 1164.79 481.6 0. 0. 1. 0.78593 -0.35128 0.50884 -1.51061 0.39215 0.91944 0.02904 -0.05367 -0.47805 0.17672 0.86037 0.056 0. 0. 0. 1.
8.jpg 10.jpg 0 0 1163.45 0. 653.626 0. 1164.79 481.6 0. 0. 1. 1163.45 0. 653.626 0. 1164.79 481.6 0. 0. 1. 0.78593 -0.35128 0.50884 -1.51061 0.39215 0.91944 0.02904 -0.05367 -0.47805 0.17672 0.86037 0.056 0. 0. 0. 1.
8.jpg 3.jpg 0 0 1163.45 0. 653.626 0. 1164.79 481.6 0. 0. 1. 1163.45 0. 653.626 0. 1164.79 481.6 0. 0. 1. 0.78593 -0.35128 0.50884 -1.51061 0.39215 0.91944 0.02904 -0.05367 -0.47805 0.17672 0.86037 0.056 0. 0. 0. 1.
8.jpg 0.jpg 0 0 1163.45 0. 653.626 0. 1164.79 481.6 0. 0. 1. 1163.45 0. 653.626 0. 1164.79 481.6 0. 0. 1. 0.78593 -0.35128 0.50884 -1.51061 0.39215 0.91944 0.02904 -0.05367 -0.47805 0.17672 0.86037 0.056 0. 0. 0. 1.
8.jpg 17.jpg 0 0 1163.45 0. 653.626 0. 1164.79 481.6 0. 0. 1. 1163.45 0. 653.626 0. 1164.79 481.6 0. 0. 1. 0.78593 -0.35128 0.50884 -1.51061 0.39215 0.91944 0.02904 -0.05367 -0.47805 0.17672 0.86037 0.056 0. 0. 0. 1.
8.jpg 16.jpg 0 0 1163.45 0. 653.626 0. 1164.79 481.6 0. 0. 1. 1163.45 0. 653.626 0. 1164.79 481.6 0. 0. 1. 0.78593 -0.35128 0.50884 -1.51061 0.39215 0.91944 0.02904 -0.05367 -0.47805 0.17672 0.86037 0.056 0. 0. 0. 1.
8.jpg 18.jpg 0 0 1163.45 0. 653.626 0. 1164.79 481.6 0. 0. 1. 1163.45 0. 653.626 0. 1164.79 481.6 0. 0. 1. 0.78593 -0.35128 0.50884 -1.51061 0.39215 0.91944 0.02904 -0.05367 -0.47805 0.17672 0.86037 0.056 0. 0. 0. 1.
1.jpg 13.jpg 0 0 1163.45 0. 653.626 0. 1164.79 481.6 0. 0. 1. 1163.45 0. 653.626 0. 1164.79 481.6 0. 0. 1. 0.78593 -0.35128 0.50884 -1.51061 0.39215 0.91944 0.02904 -0.05367 -0.47805 0.17672 0.86037 0.056 0. 0. 0. 1.
1.jpg 14.jpg 0 0 1163.45 0. 653.626 0. 1164.79 481.6 0. 0. 1. 1163.45 0. 653.626 0. 1164.79 481.6 0. 0. 1. 0.78593 -0.35128 0.50884 -1.51061 0.39215 0.91944 0.02904 -0.05367 -0.47805 0.17672 0.86037 0.056 0. 0. 0. 1.
1.jpg 6.jpg 0 0 1163.45 0. 653.626 0. 1164.79 481.6 0. 0. 1. 1163.45 0. 653.626 0. 1164.79 481.6 0. 0. 1. 0.78593 -0.35128 0.50884 -1.51061 0.39215 0.91944 0.02904 -0.05367 -0.47805 0.17672 0.86037 0.056 0. 0. 0. 1.
1.jpg 24.jpg 0 0 1163.45 0. 653.626 0. 1164.79 481.6 0. 0. 1. 1163.45 0. 653.626 0. 1164.79 481.6 0. 0. 1. 0.78593 -0.35128 0.50884 -1.51061 0.39215 0.91944 0.02904 -0.05367 -0.47805 0.17672 0.86037 0.056 0. 0. 0. 1.
1.jpg 2.jpg 0 0 1163.45 0. 653.626 0. 1164.79 481.6 0. 0. 1. 1163.45 0. 653.626 0. 1164.79 481.6 0. 0. 1. 0.78593 -0.35128 0.50884 -1.51061 0.39215 0.91944 0.02904 -0.05367 -0.47805 0.17672 0.86037 0.056 0. 0. 0. 1.
1.jpg 7.jpg 0 0 1163.45 0. 653.626 0. 1164.79 481.6 0. 0. 1. 1163.45 0. 653.626 0. 1164.79 481.6 0. 0. 1. 0.78593 -0.35128 0.50884 -1.51061 0.39215 0.91944 0.02904 -0.05367 -0.47805 0.17672 0.86037 0.056 0. 0. 0. 1.
1.jpg 15.jpg 0 0 1163.45 0. 653.626 0. 1164.79 481.6 0. 0. 1. 1163.45 0. 653.626 0. 1164.79 481.6 0. 0. 1. 0.78593 -0.35128 0.50884 -1.51061 0.39215 0.91944 0.02904 -0.05367 -0.47805 0.17672 0.86037 0.056 0. 0. 0. 1.
1.jpg 5.jpg 0 0 1163.45 0. 653.626 0. 1164.79 481.6 0. 0. 1. 1163.45 0. 653.626 0. 1164.79 481.6 0. 0. 1. 0.78593 -0.35128 0.50884 -1.51061 0.39215 0.91944 0.02904 -0.05367 -0.47805 0.17672 0.86037 0.056 0. 0. 0. 1.
1.jpg 22.jpg 0 0 1163.45 0. 653.626 0. 1164.79 481.6 0. 0. 1. 1163.45 0. 653.626 0. 1164.79 481.6 0. 0. 1. 0.78593 -0.35128 0.50884 -1.51061 0.39215 0.91944 0.02904 -0.05367 -0.47805 0.17672 0.86037 0.056 0. 0. 0. 1.
1.jpg 21.jpg 0 0 1163.45 0. 653.626 0. 1164.79 481.6 0. 0. 1. 1163.45 0. 653.626 0. 1164.79 481.6 0. 0. 1. 0.78593 -0.35128 0.50884 -1.51061 0.39215 0.91944 0.02904 -0.05367 -0.47805 0.17672 0.86037 0.056 0. 0. 0. 1.
1.jpg 20.jpg 0 0 1163.45 0. 653.626 0. 1164.79 481.6 0. 0. 1. 1163.45 0. 653.626 0. 1164.79 481.6 0. 0. 1. 0.78593 -0.35128 0.50884 -1.51061 0.39215 0.91944 0.02904 -0.05367 -0.47805 0.17672 0.86037 0.056 0. 0. 0. 1.
1.jpg 9.jpg 0 0 1163.45 0. 653.626 0. 1164.79 481.6 0. 0. 1. 1163.45 0. 653.626 0. 1164.79 481.6 0. 0. 1. 0.78593 -0.35128 0.50884 -1.51061 0.39215 0.91944 0.02904 -0.05367 -0.47805 0.17672 0.86037 0.056 0. 0. 0. 1.
1.jpg 12.jpg 0 0 1163.45 0. 653.626 0. 1164.79 481.6 0. 0. 1. 1163.45 0. 653.626 0. 1164.79 481.6 0. 0. 1. 0.78593 -0.35128 0.50884 -1.51061 0.39215 0.91944 0.02904 -0.05367 -0.47805 0.17672 0.86037 0.056 0. 0. 0. 1.
1.jpg 11.jpg 0 0 1163.45 0. 653.626 0. 1164.79 481.6 0. 0. 1. 1163.45 0. 653.626 0. 1164.79 481.6 0. 0. 1. 0.78593 -0.35128 0.50884 -1.51061 0.39215 0.91944 0.02904 -0.05367 -0.47805 0.17672 0.86037 0.056 0. 0. 0. 1.
1.jpg 19.jpg 0 0 1163.45 0. 653.626 0. 1164.79 481.6 0. 0. 1. 1163.45 0. 653.626 0. 1164.79 481.6 0. 0. 1. 0.78593 -0.35128 0.50884 -1.51061 0.39215 0.91944 0.02904 -0.05367 -0.47805 0.17672 0.86037 0.056 0. 0. 0. 1.
1.jpg 10.jpg 0 0 1163.45 0. 653.626 0. 1164.79 481.6 0. 0. 1. 1163.45 0. 653.626 0. 1164.79 481.6 0. 0. 1. 0.78593 -0.35128 0.50884 -1.51061 0.39215 0.91944 0.02904 -0.05367 -0.47805 0.17672 0.86037 0.056 0. 0. 0. 1.
1.jpg 3.jpg 0 0 1163.45 0. 653.626 0. 1164.79 481.6 0. 0. 1. 1163.45 0. 653.626 0. 1164.79 481.6 0. 0. 1. 0.78593 -0.35128 0.50884 -1.51061 0.39215 0.91944 0.02904 -0.05367 -0.47805 0.17672 0.86037 0.056 0. 0. 0. 1.
1.jpg 0.jpg 0 0 1163.45 0. 653.626 0. 1164.79 481.6 0. 0. 1. 1163.45 0. 653.626 0. 1164.79 481.6 0. 0. 1. 0.78593 -0.35128 0.50884 -1.51061 0.39215 0.91944 0.02904 -0.05367 -0.47805 0.17672 0.86037 0.056 0. 0. 0. 1.
1.jpg 17.jpg 0 0 1163.45 0. 653.626 0. 1164.79 481.6 0. 0. 1. 1163.45 0. 653.626 0. 1164.79 481.6 0. 0. 1. 0.78593 -0.35128 0.50884 -1.51061 0.39215 0.91944 0.02904 -0.05367 -0.47805 0.17672 0.86037 0.056 0. 0. 0. 1.
1.jpg 16.jpg 0 0 1163.45 0. 653.626 0. 1164.79 481.6 0. 0. 1. 1163.45 0. 653.626 0. 1164.79 481.6 0. 0. 1. 0.78593 -0.35128 0.50884 -1.51061 0.39215 0.91944 0.02904 -0.05367 -0.47805 0.17672 0.86037 0.056 0. 0. 0. 1.
1.jpg 18.jpg 0 0 1163.45 0. 653.626 0. 1164.79 481.6 0. 0. 1. 1163.45 0. 653.626 0. 1164.79 481.6 0. 0. 1. 0.78593 -0.35128 0.50884 -1.51061 0.39215 0.91944 0.02904 -0.05367 -0.47805 0.17672 0.86037 0.056 0. 0. 0. 1.
13.jpg 14.jpg 0 0 1163.45 0. 653.626 0. 1164.79 481.6 0. 0. 1. 1163.45 0. 653.626 0. 1164.79 481.6 0. 0. 1. 0.78593 -0.35128 0.50884 -1.51061 0.39215 0.91944 0.02904 -0.05367 -0.47805 0.17672 0.86037 0.056 0. 0. 0. 1.
13.jpg 6.jpg 0 0 1163.45 0. 653.626 0. 1164.79 481.6 0. 0. 1. 1163.45 0. 653.626 0. 1164.79 481.6 0. 0. 1. 0.78593 -0.35128 0.50884 -1.51061 0.39215 0.91944 0.02904 -0.05367 -0.47805 0.17672 0.86037 0.056 0. 0. 0. 1.
13.jpg 24.jpg 0 0 1163.45 0. 653.626 0. 1164.79 481.6 0. 0. 1. 1163.45 0. 653.626 0. 1164.79 481.6 0. 0. 1. 0.78593 -0.35128 0.50884 -1.51061 0.39215 0.91944 0.02904 -0.05367 -0.47805 0.17672 0.86037 0.056 0. 0. 0. 1.
13.jpg 2.jpg 0 0 1163.45 0. 653.626 0. 1164.79 481.6 0. 0. 1. 1163.45 0. 653.626 0. 1164.79 481.6 0. 0. 1. 0.78593 -0.35128 0.50884 -1.51061 0.39215 0.91944 0.02904 -0.05367 -0.47805 0.17672 0.86037 0.056 0. 0. 0. 1.
13.jpg 7.jpg 0 0 1163.45 0. 653.626 0. 1164.79 481.6 0. 0. 1. 1163.45 0. 653.626 0. 1164.79 481.6 0. 0. 1. 0.78593 -0.35128 0.50884 -1.51061 0.39215 0.91944 0.02904 -0.05367 -0.47805 0.17672 0.86037 0.056 0. 0. 0. 1.
13.jpg 15.jpg 0 0 1163.45 0. 653.626 0. 1164.79 481.6 0. 0. 1. 1163.45 0. 653.626 0. 1164.79 481.6 0. 0. 1. 0.78593 -0.35128 0.50884 -1.51061 0.39215 0.91944 0.02904 -0.05367 -0.47805 0.17672 0.86037 0.056 0. 0. 0. 1.
13.jpg 5.jpg 0 0 1163.45 0. 653.626 0. 1164.79 481.6 0. 0. 1. 1163.45 0. 653.626 0. 1164.79 481.6 0. 0. 1. 0.78593 -0.35128 0.50884 -1.51061 0.39215 0.91944 0.02904 -0.05367 -0.47805 0.17672 0.86037 0.056 0. 0. 0. 1.
13.jpg 22.jpg 0 0 1163.45 0. 653.626 0. 1164.79 481.6 0. 0. 1. 1163.45 0. 653.626 0. 1164.79 481.6 0. 0. 1. 0.78593 -0.35128 0.50884 -1.51061 0.39215 0.91944 0.02904 -0.05367 -0.47805 0.17672 0.86037 0.056 0. 0. 0. 1.
13.jpg 21.jpg 0 0 1163.45 0. 653.626 0. 1164.79 481.6 0. 0. 1. 1163.45 0. 653.626 0. 1164.79 481.6 0. 0. 1. 0.78593 -0.35128 0.50884 -1.51061 0.39215 0.91944 0.02904 -0.05367 -0.47805 0.17672 0.86037 0.056 0. 0. 0. 1.
13.jpg 20.jpg 0 0 1163.45 0. 653.626 0. 1164.79 481.6 0. 0. 1. 1163.45 0. 653.626 0. 1164.79 481.6 0. 0. 1. 0.78593 -0.35128 0.50884 -1.51061 0.39215 0.91944 0.02904 -0.05367 -0.47805 0.17672 0.86037 0.056 0. 0. 0. 1.
13.jpg 9.jpg 0 0 1163.45 0. 653.626 0. 1164.79 481.6 0. 0. 1. 1163.45 0. 653.626 0. 1164.79 481.6 0. 0. 1. 0.78593 -0.35128 0.50884 -1.51061 0.39215 0.91944 0.02904 -0.05367 -0.47805 0.17672 0.86037 0.056 0. 0. 0. 1.
13.jpg 12.jpg 0 0 1163.45 0. 653.626 0. 1164.79 481.6 0. 0. 1. 1163.45 0. 653.626 0. 1164.79 481.6 0. 0. 1. 0.78593 -0.35128 0.50884 -1.51061 0.39215 0.91944 0.02904 -0.05367 -0.47805 0.17672 0.86037 0.056 0. 0. 0. 1.
13.jpg 11.jpg 0 0 1163.45 0. 653.626 0. 1164.79 481.6 0. 0. 1. 1163.45 0. 653.626 0. 1164.79 481.6 0. 0. 1. 0.78593 -0.35128 0.50884 -1.51061 0.39215 0.91944 0.02904 -0.05367 -0.47805 0.17672 0.86037 0.056 0. 0. 0. 1.
13.jpg 19.jpg 0 0 1163.45 0. 653.626 0. 1164.79 481.6 0. 0. 1. 1163.45 0. 653.626 0. 1164.79 481.6 0. 0. 1. 0.78593 -0.35128 0.50884 -1.51061 0.39215 0.91944 0.02904 -0.05367 -0.47805 0.17672 0.86037 0.056 0. 0. 0. 1.
13.jpg 10.jpg 0 0 1163.45 0. 653.626 0. 1164.79 481.6 0. 0. 1. 1163.45 0. 653.626 0. 1164.79 481.6 0. 0. 1. 0.78593 -0.35128 0.50884 -1.51061 0.39215 0.91944 0.02904 -0.05367 -0.47805 0.17672 0.86037 0.056 0. 0. 0. 1.
13.jpg 3.jpg 0 0 1163.45 0. 653.626 0. 1164.79 481.6 0. 0. 1. 1163.45 0. 653.626 0. 1164.79 481.6 0. 0. 1. 0.78593 -0.35128 0.50884 -1.51061 0.39215 0.91944 0.02904 -0.05367 -0.47805 0.17672 0.86037 0.056 0. 0. 0. 1.
13.jpg 0.jpg 0 0 1163.45 0. 653.626 0. 1164.79 481.6 0. 0. 1. 1163.45 0. 653.626 0. 1164.79 481.6 0. 0. 1. 0.78593 -0.35128 0.50884 -1.51061 0.39215 0.91944 0.02904 -0.05367 -0.47805 0.17672 0.86037 0.056 0. 0. 0. 1.
13.jpg 17.jpg 0 0 1163.45 0. 653.626 0. 1164.79 481.6 0. 0. 1. 1163.45 0. 653.626 0. 1164.79 481.6 0. 0. 1. 0.78593 -0.35128 0.50884 -1.51061 0.39215 0.91944 0.02904 -0.05367 -0.47805 0.17672 0.86037 0.056 0. 0. 0. 1.
13.jpg 16.jpg 0 0 1163.45 0. 653.626 0. 1164.79 481.6 0. 0. 1. 1163.45 0. 653.626 0. 1164.79 481.6 0. 0. 1. 0.78593 -0.35128 0.50884 -1.51061 0.39215 0.91944 0.02904 -0.05367 -0.47805 0.17672 0.86037 0.056 0. 0. 0. 1.
13.jpg 18.jpg 0 0 1163.45 0. 653.626 0. 1164.79 481.6 0. 0. 1. 1163.45 0. 653.626 0. 1164.79 481.6 0. 0. 1. 0.78593 -0.35128 0.50884 -1.51061 0.39215 0.91944 0.02904 -0.05367 -0.47805 0.17672 0.86037 0.056 0. 0. 0. 1.
14.jpg 6.jpg 0 0 1163.45 0. 653.626 0. 1164.79 481.6 0. 0. 1. 1163.45 0. 653.626 0. 1164.79 481.6 0. 0. 1. 0.78593 -0.35128 0.50884 -1.51061 0.39215 0.91944 0.02904 -0.05367 -0.47805 0.17672 0.86037 0.056 0. 0. 0. 1.
14.jpg 24.jpg 0 0 1163.45 0. 653.626 0. 1164.79 481.6 0. 0. 1. 1163.45 0. 653.626 0. 1164.79 481.6 0. 0. 1. 0.78593 -0.35128 0.50884 -1.51061 0.39215 0.91944 0.02904 -0.05367 -0.47805 0.17672 0.86037 0.056 0. 0. 0. 1.
14.jpg 2.jpg 0 0 1163.45 0. 653.626 0. 1164.79 481.6 0. 0. 1. 1163.45 0. 653.626 0. 1164.79 481.6 0. 0. 1. 0.78593 -0.35128 0.50884 -1.51061 0.39215 0.91944 0.02904 -0.05367 -0.47805 0.17672 0.86037 0.056 0. 0. 0. 1.
14.jpg 7.jpg 0 0 1163.45 0. 653.626 0. 1164.79 481.6 0. 0. 1. 1163.45 0. 653.626 0. 1164.79 481.6 0. 0. 1. 0.78593 -0.35128 0.50884 -1.51061 0.39215 0.91944 0.02904 -0.05367 -0.47805 0.17672 0.86037 0.056 0. 0. 0. 1.
14.jpg 15.jpg 0 0 1163.45 0. 653.626 0. 1164.79 481.6 0. 0. 1. 1163.45 0. 653.626 0. 1164.79 481.6 0. 0. 1. 0.78593 -0.35128 0.50884 -1.51061 0.39215 0.91944 0.02904 -0.05367 -0.47805 0.17672 0.86037 0.056 0. 0. 0. 1.
14.jpg 5.jpg 0 0 1163.45 0. 653.626 0. 1164.79 481.6 0. 0. 1. 1163.45 0. 653.626 0. 1164.79 481.6 0. 0. 1. 0.78593 -0.35128 0.50884 -1.51061 0.39215 0.91944 0.02904 -0.05367 -0.47805 0.17672 0.86037 0.056 0. 0. 0. 1.
14.jpg 22.jpg 0 0 1163.45 0. 653.626 0. 1164.79 481.6 0. 0. 1. 1163.45 0. 653.626 0. 1164.79 481.6 0. 0. 1. 0.78593 -0.35128 0.50884 -1.51061 0.39215 0.91944 0.02904 -0.05367 -0.47805 0.17672 0.86037 0.056 0. 0. 0. 1.
14.jpg 21.jpg 0 0 1163.45 0. 653.626 0. 1164.79 481.6 0. 0. 1. 1163.45 0. 653.626 0. 1164.79 481.6 0. 0. 1. 0.78593 -0.35128 0.50884 -1.51061 0.39215 0.91944 0.02904 -0.05367 -0.47805 0.17672 0.86037 0.056 0. 0. 0. 1.
14.jpg 20.jpg 0 0 1163.45 0. 653.626 0. 1164.79 481.6 0. 0. 1. 1163.45 0. 653.626 0. 1164.79 481.6 0. 0. 1. 0.78593 -0.35128 0.50884 -1.51061 0.39215 0.91944 0.02904 -0.05367 -0.47805 0.17672 0.86037 0.056 0. 0. 0. 1.
14.jpg 9.jpg 0 0 1163.45 0. 653.626 0. 1164.79 481.6 0. 0. 1. 1163.45 0. 653.626 0. 1164.79 481.6 0. 0. 1. 0.78593 -0.35128 0.50884 -1.51061 0.39215 0.91944 0.02904 -0.05367 -0.47805 0.17672 0.86037 0.056 0. 0. 0. 1.
14.jpg 12.jpg 0 0 1163.45 0. 653.626 0. 1164.79 481.6 0. 0. 1. 1163.45 0. 653.626 0. 1164.79 481.6 0. 0. 1. 0.78593 -0.35128 0.50884 -1.51061 0.39215 0.91944 0.02904 -0.05367 -0.47805 0.17672 0.86037 0.056 0. 0. 0. 1.
14.jpg 11.jpg 0 0 1163.45 0. 653.626 0. 1164.79 481.6 0. 0. 1. 1163.45 0. 653.626 0. 1164.79 481.6 0. 0. 1. 0.78593 -0.35128 0.50884 -1.51061 0.39215 0.91944 0.02904 -0.05367 -0.47805 0.17672 0.86037 0.056 0. 0. 0. 1.
14.jpg 19.jpg 0 0 1163.45 0. 653.626 0. 1164.79 481.6 0. 0. 1. 1163.45 0. 653.626 0. 1164.79 481.6 0. 0. 1. 0.78593 -0.35128 0.50884 -1.51061 0.39215 0.91944 0.02904 -0.05367 -0.47805 0.17672 0.86037 0.056 0. 0. 0. 1.
14.jpg 10.jpg 0 0 1163.45 0. 653.626 0. 1164.79 481.6 0. 0. 1. 1163.45 0. 653.626 0. 1164.79 481.6 0. 0. 1. 0.78593 -0.35128 0.50884 -1.51061 0.39215 0.91944 0.02904 -0.05367 -0.47805 0.17672 0.86037 0.056 0. 0. 0. 1.
14.jpg 3.jpg 0 0 1163.45 0. 653.626 0. 1164.79 481.6 0. 0. 1. 1163.45 0. 653.626 0. 1164.79 481.6 0. 0. 1. 0.78593 -0.35128 0.50884 -1.51061 0.39215 0.91944 0.02904 -0.05367 -0.47805 0.17672 0.86037 0.056 0. 0. 0. 1.
14.jpg 0.jpg 0 0 1163.45 0. 653.626 0. 1164.79 481.6 0. 0. 1. 1163.45 0. 653.626 0. 1164.79 481.6 0. 0. 1. 0.78593 -0.35128 0.50884 -1.51061 0.39215 0.91944 0.02904 -0.05367 -0.47805 0.17672 0.86037 0.056 0. 0. 0. 1.
14.jpg 17.jpg 0 0 1163.45 0. 653.626 0. 1164.79 481.6 0. 0. 1. 1163.45 0. 653.626 0. 1164.79 481.6 0. 0. 1. 0.78593 -0.35128 0.50884 -1.51061 0.39215 0.91944 0.02904 -0.05367 -0.47805 0.17672 0.86037 0.056 0. 0. 0. 1.
14.jpg 16.jpg 0 0 1163.45 0. 653.626 0. 1164.79 481.6 0. 0. 1. 1163.45 0. 653.626 0. 1164.79 481.6 0. 0. 1. 0.78593 -0.35128 0.50884 -1.51061 0.39215 0.91944 0.02904 -0.05367 -0.47805 0.17672 0.86037 0.056 0. 0. 0. 1.
14.jpg 18.jpg 0 0 1163.45 0. 653.626 0. 1164.79 481.6 0. 0. 1. 1163.45 0. 653.626 0. 1164.79 481.6 0. 0. 1. 0.78593 -0.35128 0.50884 -1.51061 0.39215 0.91944 0.02904 -0.05367 -0.47805 0.17672 0.86037 0.056 0. 0. 0. 1.
6.jpg 24.jpg 0 0 1163.45 0. 653.626 0. 1164.79 481.6 0. 0. 1. 1163.45 0. 653.626 0. 1164.79 481.6 0. 0. 1. 0.78593 -0.35128 0.50884 -1.51061 0.39215 0.91944 0.02904 -0.05367 -0.47805 0.17672 0.86037 0.056 0. 0. 0. 1.
6.jpg 2.jpg 0 0 1163.45 0. 653.626 0. 1164.79 481.6 0. 0. 1. 1163.45 0. 653.626 0. 1164.79 481.6 0. 0. 1. 0.78593 -0.35128 0.50884 -1.51061 0.39215 0.91944 0.02904 -0.05367 -0.47805 0.17672 0.86037 0.056 0. 0. 0. 1.
6.jpg 7.jpg 0 0 1163.45 0. 653.626 0. 1164.79 481.6 0. 0. 1. 1163.45 0. 653.626 0. 1164.79 481.6 0. 0. 1. 0.78593 -0.35128 0.50884 -1.51061 0.39215 0.91944 0.02904 -0.05367 -0.47805 0.17672 0.86037 0.056 0. 0. 0. 1.
6.jpg 15.jpg 0 0 1163.45 0. 653.626 0. 1164.79 481.6 0. 0. 1. 1163.45 0. 653.626 0. 1164.79 481.6 0. 0. 1. 0.78593 -0.35128 0.50884 -1.51061 0.39215 0.91944 0.02904 -0.05367 -0.47805 0.17672 0.86037 0.056 0. 0. 0. 1.
6.jpg 5.jpg 0 0 1163.45 0. 653.626 0. 1164.79 481.6 0. 0. 1. 1163.45 0. 653.626 0. 1164.79 481.6 0. 0. 1. 0.78593 -0.35128 0.50884 -1.51061 0.39215 0.91944 0.02904 -0.05367 -0.47805 0.17672 0.86037 0.056 0. 0. 0. 1.
6.jpg 22.jpg 0 0 1163.45 0. 653.626 0. 1164.79 481.6 0. 0. 1. 1163.45 0. 653.626 0. 1164.79 481.6 0. 0. 1. 0.78593 -0.35128 0.50884 -1.51061 0.39215 0.91944 0.02904 -0.05367 -0.47805 0.17672 0.86037 0.056 0. 0. 0. 1.
6.jpg 21.jpg 0 0 1163.45 0. 653.626 0. 1164.79 481.6 0. 0. 1. 1163.45 0. 653.626 0. 1164.79 481.6 0. 0. 1. 0.78593 -0.35128 0.50884 -1.51061 0.39215 0.91944 0.02904 -0.05367 -0.47805 0.17672 0.86037 0.056 0. 0. 0. 1.
6.jpg 20.jpg 0 0 1163.45 0. 653.626 0. 1164.79 481.6 0. 0. 1. 1163.45 0. 653.626 0. 1164.79 481.6 0. 0. 1. 0.78593 -0.35128 0.50884 -1.51061 0.39215 0.91944 0.02904 -0.05367 -0.47805 0.17672 0.86037 0.056 0. 0. 0. 1.
6.jpg 9.jpg 0 0 1163.45 0. 653.626 0. 1164.79 481.6 0. 0. 1. 1163.45 0. 653.626 0. 1164.79 481.6 0. 0. 1. 0.78593 -0.35128 0.50884 -1.51061 0.39215 0.91944 0.02904 -0.05367 -0.47805 0.17672 0.86037 0.056 0. 0. 0. 1.
6.jpg 12.jpg 0 0 1163.45 0. 653.626 0. 1164.79 481.6 0. 0. 1. 1163.45 0. 653.626 0. 1164.79 481.6 0. 0. 1. 0.78593 -0.35128 0.50884 -1.51061 0.39215 0.91944 0.02904 -0.05367 -0.47805 0.17672 0.86037 0.056 0. 0. 0. 1.
6.jpg 11.jpg 0 0 1163.45 0. 653.626 0. 1164.79 481.6 0. 0. 1. 1163.45 0. 653.626 0. 1164.79 481.6 0. 0. 1. 0.78593 -0.35128 0.50884 -1.51061 0.39215 0.91944 0.02904 -0.05367 -0.47805 0.17672 0.86037 0.056 0. 0. 0. 1.
6.jpg 19.jpg 0 0 1163.45 0. 653.626 0. 1164.79 481.6 0. 0. 1. 1163.45 0. 653.626 0. 1164.79 481.6 0. 0. 1. 0.78593 -0.35128 0.50884 -1.51061 0.39215 0.91944 0.02904 -0.05367 -0.47805 0.17672 0.86037 0.056 0. 0. 0. 1.
6.jpg 10.jpg 0 0 1163.45 0. 653.626 0. 1164.79 481.6 0. 0. 1. 1163.45 0. 653.626 0. 1164.79 481.6 0. 0. 1. 0.78593 -0.35128 0.50884 -1.51061 0.39215 0.91944 0.02904 -0.05367 -0.47805 0.17672 0.86037 0.056 0. 0. 0. 1.
6.jpg 3.jpg 0 0 1163.45 0. 653.626 0. 1164.79 481.6 0. 0. 1. 1163.45 0. 653.626 0. 1164.79 481.6 0. 0. 1. 0.78593 -0.35128 0.50884 -1.51061 0.39215 0.91944 0.02904 -0.05367 -0.47805 0.17672 0.86037 0.056 0. 0. 0. 1.
6.jpg 0.jpg 0 0 1163.45 0. 653.626 0. 1164.79 481.6 0. 0. 1. 1163.45 0. 653.626 0. 1164.79 481.6 0. 0. 1. 0.78593 -0.35128 0.50884 -1.51061 0.39215 0.91944 0.02904 -0.05367 -0.47805 0.17672 0.86037 0.056 0. 0. 0. 1.
6.jpg 17.jpg 0 0 1163.45 0. 653.626 0. 1164.79 481.6 0. 0. 1. 1163.45 0. 653.626 0. 1164.79 481.6 0. 0. 1. 0.78593 -0.35128 0.50884 -1.51061 0.39215 0.91944 0.02904 -0.05367 -0.47805 0.17672 0.86037 0.056 0. 0. 0. 1.
6.jpg 16.jpg 0 0 1163.45 0. 653.626 0. 1164.79 481.6 0. 0. 1. 1163.45 0. 653.626 0. 1164.79 481.6 0. 0. 1. 0.78593 -0.35128 0.50884 -1.51061 0.39215 0.91944 0.02904 -0.05367 -0.47805 0.17672 0.86037 0.056 0. 0. 0. 1.
6.jpg 18.jpg 0 0 1163.45 0. 653.626 0. 1164.79 481.6 0. 0. 1. 1163.45 0. 653.626 0. 1164.79 481.6 0. 0. 1. 0.78593 -0.35128 0.50884 -1.51061 0.39215 0.91944 0.02904 -0.05367 -0.47805 0.17672 0.86037 0.056 0. 0. 0. 1.
24.jpg 2.jpg 0 0 1163.45 0. 653.626 0. 1164.79 481.6 0. 0. 1. 1163.45 0. 653.626 0. 1164.79 481.6 0. 0. 1. 0.78593 -0.35128 0.50884 -1.51061 0.39215 0.91944 0.02904 -0.05367 -0.47805 0.17672 0.86037 0.056 0. 0. 0. 1.
24.jpg 7.jpg 0 0 1163.45 0. 653.626 0. 1164.79 481.6 0. 0. 1. 1163.45 0. 653.626 0. 1164.79 481.6 0. 0. 1. 0.78593 -0.35128 0.50884 -1.51061 0.39215 0.91944 0.02904 -0.05367 -0.47805 0.17672 0.86037 0.056 0. 0. 0. 1.
24.jpg 15.jpg 0 0 1163.45 0. 653.626 0. 1164.79 481.6 0. 0. 1. 1163.45 0. 653.626 0. 1164.79 481.6 0. 0. 1. 0.78593 -0.35128 0.50884 -1.51061 0.39215 0.91944 0.02904 -0.05367 -0.47805 0.17672 0.86037 0.056 0. 0. 0. 1.
24.jpg 5.jpg 0 0 1163.45 0. 653.626 0. 1164.79 481.6 0. 0. 1. 1163.45 0. 653.626 0. 1164.79 481.6 0. 0. 1. 0.78593 -0.35128 0.50884 -1.51061 0.39215 0.91944 0.02904 -0.05367 -0.47805 0.17672 0.86037 0.056 0. 0. 0. 1.
24.jpg 22.jpg 0 0 1163.45 0. 653.626 0. 1164.79 481.6 0. 0. 1. 1163.45 0. 653.626 0. 1164.79 481.6 0. 0. 1. 0.78593 -0.35128 0.50884 -1.51061 0.39215 0.91944 0.02904 -0.05367 -0.47805 0.17672 0.86037 0.056 0. 0. 0. 1.
24.jpg 21.jpg 0 0 1163.45 0. 653.626 0. 1164.79 481.6 0. 0. 1. 1163.45 0. 653.626 0. 1164.79 481.6 0. 0. 1. 0.78593 -0.35128 0.50884 -1.51061 0.39215 0.91944 0.02904 -0.05367 -0.47805 0.17672 0.86037 0.056 0. 0. 0. 1.
24.jpg 20.jpg 0 0 1163.45 0. 653.626 0. 1164.79 481.6 0. 0. 1. 1163.45 0. 653.626 0. 1164.79 481.6 0. 0. 1. 0.78593 -0.35128 0.50884 -1.51061 0.39215 0.91944 0.02904 -0.05367 -0.47805 0.17672 0.86037 0.056 0. 0. 0. 1.
24.jpg 9.jpg 0 0 1163.45 0. 653.626 0. 1164.79 481.6 0. 0. 1. 1163.45 0. 653.626 0. 1164.79 481.6 0. 0. 1. 0.78593 -0.35128 0.50884 -1.51061 0.39215 0.91944 0.02904 -0.05367 -0.47805 0.17672 0.86037 0.056 0. 0. 0. 1.
24.jpg 12.jpg 0 0 1163.45 0. 653.626 0. 1164.79 481.6 0. 0. 1. 1163.45 0. 653.626 0. 1164.79 481.6 0. 0. 1. 0.78593 -0.35128 0.50884 -1.51061 0.39215 0.91944 0.02904 -0.05367 -0.47805 0.17672 0.86037 0.056 0. 0. 0. 1.
24.jpg 11.jpg 0 0 1163.45 0. 653.626 0. 1164.79 481.6 0. 0. 1. 1163.45 0. 653.626 0. 1164.79 481.6 0. 0. 1. 0.78593 -0.35128 0.50884 -1.51061 0.39215 0.91944 0.02904 -0.05367 -0.47805 0.17672 0.86037 0.056 0. 0. 0. 1.
24.jpg 19.jpg 0 0 1163.45 0. 653.626 0. 1164.79 481.6 0. 0. 1. 1163.45 0. 653.626 0. 1164.79 481.6 0. 0. 1. 0.78593 -0.35128 0.50884 -1.51061 0.39215 0.91944 0.02904 -0.05367 -0.47805 0.17672 0.86037 0.056 0. 0. 0. 1.
24.jpg 10.jpg 0 0 1163.45 0. 653.626 0. 1164.79 481.6 0. 0. 1. 1163.45 0. 653.626 0. 1164.79 481.6 0. 0. 1. 0.78593 -0.35128 0.50884 -1.51061 0.39215 0.91944 0.02904 -0.05367 -0.47805 0.17672 0.86037 0.056 0. 0. 0. 1.
24.jpg 3.jpg 0 0 1163.45 0. 653.626 0. 1164.79 481.6 0. 0. 1. 1163.45 0. 653.626 0. 1164.79 481.6 0. 0. 1. 0.78593 -0.35128 0.50884 -1.51061 0.39215 0.91944 0.02904 -0.05367 -0.47805 0.17672 0.86037 0.056 0. 0. 0. 1.
24.jpg 0.jpg 0 0 1163.45 0. 653.626 0. 1164.79 481.6 0. 0. 1. 1163.45 0. 653.626 0. 1164.79 481.6 0. 0. 1. 0.78593 -0.35128 0.50884 -1.51061 0.39215 0.91944 0.02904 -0.05367 -0.47805 0.17672 0.86037 0.056 0. 0. 0. 1.
24.jpg 17.jpg 0 0 1163.45 0. 653.626 0. 1164.79 481.6 0. 0. 1. 1163.45 0. 653.626 0. 1164.79 481.6 0. 0. 1. 0.78593 -0.35128 0.50884 -1.51061 0.39215 0.91944 0.02904 -0.05367 -0.47805 0.17672 0.86037 0.056 0. 0. 0. 1.
24.jpg 16.jpg 0 0 1163.45 0. 653.626 0. 1164.79 481.6 0. 0. 1. 1163.45 0. 653.626 0. 1164.79 481.6 0. 0. 1. 0.78593 -0.35128 0.50884 -1.51061 0.39215 0.91944 0.02904 -0.05367 -0.47805 0.17672 0.86037 0.056 0. 0. 0. 1.
24.jpg 18.jpg 0 0 1163.45 0. 653.626 0. 1164.79 481.6 0. 0. 1. 1163.45 0. 653.626 0. 1164.79 481.6 0. 0. 1. 0.78593 -0.35128 0.50884 -1.51061 0.39215 0.91944 0.02904 -0.05367 -0.47805 0.17672 0.86037 0.056 0. 0. 0. 1.
2.jpg 7.jpg 0 0 1163.45 0. 653.626 0. 1164.79 481.6 0. 0. 1. 1163.45 0. 653.626 0. 1164.79 481.6 0. 0. 1. 0.78593 -0.35128 0.50884 -1.51061 0.39215 0.91944 0.02904 -0.05367 -0.47805 0.17672 0.86037 0.056 0. 0. 0. 1.
2.jpg 15.jpg 0 0 1163.45 0. 653.626 0. 1164.79 481.6 0. 0. 1. 1163.45 0. 653.626 0. 1164.79 481.6 0. 0. 1. 0.78593 -0.35128 0.50884 -1.51061 0.39215 0.91944 0.02904 -0.05367 -0.47805 0.17672 0.86037 0.056 0. 0. 0. 1.
2.jpg 5.jpg 0 0 1163.45 0. 653.626 0. 1164.79 481.6 0. 0. 1. 1163.45 0. 653.626 0. 1164.79 481.6 0. 0. 1. 0.78593 -0.35128 0.50884 -1.51061 0.39215 0.91944 0.02904 -0.05367 -0.47805 0.17672 0.86037 0.056 0. 0. 0. 1.
2.jpg 22.jpg 0 0 1163.45 0. 653.626 0. 1164.79 481.6 0. 0. 1. 1163.45 0. 653.626 0. 1164.79 481.6 0. 0. 1. 0.78593 -0.35128 0.50884 -1.51061 0.39215 0.91944 0.02904 -0.05367 -0.47805 0.17672 0.86037 0.056 0. 0. 0. 1.
2.jpg 21.jpg 0 0 1163.45 0. 653.626 0. 1164.79 481.6 0. 0. 1. 1163.45 0. 653.626 0. 1164.79 481.6 0. 0. 1. 0.78593 -0.35128 0.50884 -1.51061 0.39215 0.91944 0.02904 -0.05367 -0.47805 0.17672 0.86037 0.056 0. 0. 0. 1.
2.jpg 20.jpg 0 0 1163.45 0. 653.626 0. 1164.79 481.6 0. 0. 1. 1163.45 0. 653.626 0. 1164.79 481.6 0. 0. 1. 0.78593 -0.35128 0.50884 -1.51061 0.39215 0.91944 0.02904 -0.05367 -0.47805 0.17672 0.86037 0.056 0. 0. 0. 1.
2.jpg 9.jpg 0 0 1163.45 0. 653.626 0. 1164.79 481.6 0. 0. 1. 1163.45 0. 653.626 0. 1164.79 481.6 0. 0. 1. 0.78593 -0.35128 0.50884 -1.51061 0.39215 0.91944 0.02904 -0.05367 -0.47805 0.17672 0.86037 0.056 0. 0. 0. 1.
2.jpg 12.jpg 0 0 1163.45 0. 653.626 0. 1164.79 481.6 0. 0. 1. 1163.45 0. 653.626 0. 1164.79 481.6 0. 0. 1. 0.78593 -0.35128 0.50884 -1.51061 0.39215 0.91944 0.02904 -0.05367 -0.47805 0.17672 0.86037 0.056 0. 0. 0. 1.
2.jpg 11.jpg 0 0 1163.45 0. 653.626 0. 1164.79 481.6 0. 0. 1. 1163.45 0. 653.626 0. 1164.79 481.6 0. 0. 1. 0.78593 -0.35128 0.50884 -1.51061 0.39215 0.91944 0.02904 -0.05367 -0.47805 0.17672 0.86037 0.056 0. 0. 0. 1.
2.jpg 19.jpg 0 0 1163.45 0. 653.626 0. 1164.79 481.6 0. 0. 1. 1163.45 0. 653.626 0. 1164.79 481.6 0. 0. 1. 0.78593 -0.35128 0.50884 -1.51061 0.39215 0.91944 0.02904 -0.05367 -0.47805 0.17672 0.86037 0.056 0. 0. 0. 1.
2.jpg 10.jpg 0 0 1163.45 0. 653.626 0. 1164.79 481.6 0. 0. 1. 1163.45 0. 653.626 0. 1164.79 481.6 0. 0. 1. 0.78593 -0.35128 0.50884 -1.51061 0.39215 0.91944 0.02904 -0.05367 -0.47805 0.17672 0.86037 0.056 0. 0. 0. 1.
2.jpg 3.jpg 0 0 1163.45 0. 653.626 0. 1164.79 481.6 0. 0. 1. 1163.45 0. 653.626 0. 1164.79 481.6 0. 0. 1. 0.78593 -0.35128 0.50884 -1.51061 0.39215 0.91944 0.02904 -0.05367 -0.47805 0.17672 0.86037 0.056 0. 0. 0. 1.
2.jpg 0.jpg 0 0 1163.45 0. 653.626 0. 1164.79 481.6 0. 0. 1. 1163.45 0. 653.626 0. 1164.79 481.6 0. 0. 1. 0.78593 -0.35128 0.50884 -1.51061 0.39215 0.91944 0.02904 -0.05367 -0.47805 0.17672 0.86037 0.056 0. 0. 0. 1.
2.jpg 17.jpg 0 0 1163.45 0. 653.626 0. 1164.79 481.6 0. 0. 1. 1163.45 0. 653.626 0. 1164.79 481.6 0. 0. 1. 0.78593 -0.35128 0.50884 -1.51061 0.39215 0.91944 0.02904 -0.05367 -0.47805 0.17672 0.86037 0.056 0. 0. 0. 1.
2.jpg 16.jpg 0 0 1163.45 0. 653.626 0. 1164.79 481.6 0. 0. 1. 1163.45 0. 653.626 0. 1164.79 481.6 0. 0. 1. 0.78593 -0.35128 0.50884 -1.51061 0.39215 0.91944 0.02904 -0.05367 -0.47805 0.17672 0.86037 0.056 0. 0. 0. 1.
2.jpg 18.jpg 0 0 1163.45 0. 653.626 0. 1164.79 481.6 0. 0. 1. 1163.45 0. 653.626 0. 1164.79 481.6 0. 0. 1. 0.78593 -0.35128 0.50884 -1.51061 0.39215 0.91944 0.02904 -0.05367 -0.47805 0.17672 0.86037 0.056 0. 0. 0. 1.
7.jpg 15.jpg 0 0 1163.45 0. 653.626 0. 1164.79 481.6 0. 0. 1. 1163.45 0. 653.626 0. 1164.79 481.6 0. 0. 1. 0.78593 -0.35128 0.50884 -1.51061 0.39215 0.91944 0.02904 -0.05367 -0.47805 0.17672 0.86037 0.056 0. 0. 0. 1.
7.jpg 5.jpg 0 0 1163.45 0. 653.626 0. 1164.79 481.6 0. 0. 1. 1163.45 0. 653.626 0. 1164.79 481.6 0. 0. 1. 0.78593 -0.35128 0.50884 -1.51061 0.39215 0.91944 0.02904 -0.05367 -0.47805 0.17672 0.86037 0.056 0. 0. 0. 1.
7.jpg 22.jpg 0 0 1163.45 0. 653.626 0. 1164.79 481.6 0. 0. 1. 1163.45 0. 653.626 0. 1164.79 481.6 0. 0. 1. 0.78593 -0.35128 0.50884 -1.51061 0.39215 0.91944 0.02904 -0.05367 -0.47805 0.17672 0.86037 0.056 0. 0. 0. 1.
7.jpg 21.jpg 0 0 1163.45 0. 653.626 0. 1164.79 481.6 0. 0. 1. 1163.45 0. 653.626 0. 1164.79 481.6 0. 0. 1. 0.78593 -0.35128 0.50884 -1.51061 0.39215 0.91944 0.02904 -0.05367 -0.47805 0.17672 0.86037 0.056 0. 0. 0. 1.
7.jpg 20.jpg 0 0 1163.45 0. 653.626 0. 1164.79 481.6 0. 0. 1. 1163.45 0. 653.626 0. 1164.79 481.6 0. 0. 1. 0.78593 -0.35128 0.50884 -1.51061 0.39215 0.91944 0.02904 -0.05367 -0.47805 0.17672 0.86037 0.056 0. 0. 0. 1.
7.jpg 9.jpg 0 0 1163.45 0. 653.626 0. 1164.79 481.6 0. 0. 1. 1163.45 0. 653.626 0. 1164.79 481.6 0. 0. 1. 0.78593 -0.35128 0.50884 -1.51061 0.39215 0.91944 0.02904 -0.05367 -0.47805 0.17672 0.86037 0.056 0. 0. 0. 1.
7.jpg 12.jpg 0 0 1163.45 0. 653.626 0. 1164.79 481.6 0. 0. 1. 1163.45 0. 653.626 0. 1164.79 481.6 0. 0. 1. 0.78593 -0.35128 0.50884 -1.51061 0.39215 0.91944 0.02904 -0.05367 -0.47805 0.17672 0.86037 0.056 0. 0. 0. 1.
7.jpg 11.jpg 0 0 1163.45 0. 653.626 0. 1164.79 481.6 0. 0. 1. 1163.45 0. 653.626 0. 1164.79 481.6 0. 0. 1. 0.78593 -0.35128 0.50884 -1.51061 0.39215 0.91944 0.02904 -0.05367 -0.47805 0.17672 0.86037 0.056 0. 0. 0. 1.
7.jpg 19.jpg 0 0 1163.45 0. 653.626 0. 1164.79 481.6 0. 0. 1. 1163.45 0. 653.626 0. 1164.79 481.6 0. 0. 1. 0.78593 -0.35128 0.50884 -1.51061 0.39215 0.91944 0.02904 -0.05367 -0.47805 0.17672 0.86037 0.056 0. 0. 0. 1.
7.jpg 10.jpg 0 0 1163.45 0. 653.626 0. 1164.79 481.6 0. 0. 1. 1163.45 0. 653.626 0. 1164.79 481.6 0. 0. 1. 0.78593 -0.35128 0.50884 -1.51061 0.39215 0.91944 0.02904 -0.05367 -0.47805 0.17672 0.86037 0.056 0. 0. 0. 1.
7.jpg 3.jpg 0 0 1163.45 0. 653.626 0. 1164.79 481.6 0. 0. 1. 1163.45 0. 653.626 0. 1164.79 481.6 0. 0. 1. 0.78593 -0.35128 0.50884 -1.51061 0.39215 0.91944 0.02904 -0.05367 -0.47805 0.17672 0.86037 0.056 0. 0. 0. 1.
7.jpg 0.jpg 0 0 1163.45 0. 653.626 0. 1164.79 481.6 0. 0. 1. 1163.45 0. 653.626 0. 1164.79 481.6 0. 0. 1. 0.78593 -0.35128 0.50884 -1.51061 0.39215 0.91944 0.02904 -0.05367 -0.47805 0.17672 0.86037 0.056 0. 0. 0. 1.
7.jpg 17.jpg 0 0 1163.45 0. 653.626 0. 1164.79 481.6 0. 0. 1. 1163.45 0. 653.626 0. 1164.79 481.6 0. 0. 1. 0.78593 -0.35128 0.50884 -1.51061 0.39215 0.91944 0.02904 -0.05367 -0.47805 0.17672 0.86037 0.056 0. 0. 0. 1.
7.jpg 16.jpg 0 0 1163.45 0. 653.626 0. 1164.79 481.6 0. 0. 1. 1163.45 0. 653.626 0. 1164.79 481.6 0. 0. 1. 0.78593 -0.35128 0.50884 -1.51061 0.39215 0.91944 0.02904 -0.05367 -0.47805 0.17672 0.86037 0.056 0. 0. 0. 1.
7.jpg 18.jpg 0 0 1163.45 0. 653.626 0. 1164.79 481.6 0. 0. 1. 1163.45 0. 653.626 0. 1164.79 481.6 0. 0. 1. 0.78593 -0.35128 0.50884 -1.51061 0.39215 0.91944 0.02904 -0.05367 -0.47805 0.17672 0.86037 0.056 0. 0. 0. 1.
15.jpg 5.jpg 0 0 1163.45 0. 653.626 0. 1164.79 481.6 0. 0. 1. 1163.45 0. 653.626 0. 1164.79 481.6 0. 0. 1. 0.78593 -0.35128 0.50884 -1.51061 0.39215 0.91944 0.02904 -0.05367 -0.47805 0.17672 0.86037 0.056 0. 0. 0. 1.
15.jpg 22.jpg 0 0 1163.45 0. 653.626 0. 1164.79 481.6 0. 0. 1. 1163.45 0. 653.626 0. 1164.79 481.6 0. 0. 1. 0.78593 -0.35128 0.50884 -1.51061 0.39215 0.91944 0.02904 -0.05367 -0.47805 0.17672 0.86037 0.056 0. 0. 0. 1.
15.jpg 21.jpg 0 0 1163.45 0. 653.626 0. 1164.79 481.6 0. 0. 1. 1163.45 0. 653.626 0. 1164.79 481.6 0. 0. 1. 0.78593 -0.35128 0.50884 -1.51061 0.39215 0.91944 0.02904 -0.05367 -0.47805 0.17672 0.86037 0.056 0. 0. 0. 1.
15.jpg 20.jpg 0 0 1163.45 0. 653.626 0. 1164.79 481.6 0. 0. 1. 1163.45 0. 653.626 0. 1164.79 481.6 0. 0. 1. 0.78593 -0.35128 0.50884 -1.51061 0.39215 0.91944 0.02904 -0.05367 -0.47805 0.17672 0.86037 0.056 0. 0. 0. 1.
15.jpg 9.jpg 0 0 1163.45 0. 653.626 0. 1164.79 481.6 0. 0. 1. 1163.45 0. 653.626 0. 1164.79 481.6 0. 0. 1. 0.78593 -0.35128 0.50884 -1.51061 0.39215 0.91944 0.02904 -0.05367 -0.47805 0.17672 0.86037 0.056 0. 0. 0. 1.
15.jpg 12.jpg 0 0 1163.45 0. 653.626 0. 1164.79 481.6 0. 0. 1. 1163.45 0. 653.626 0. 1164.79 481.6 0. 0. 1. 0.78593 -0.35128 0.50884 -1.51061 0.39215 0.91944 0.02904 -0.05367 -0.47805 0.17672 0.86037 0.056 0. 0. 0. 1.
15.jpg 11.jpg 0 0 1163.45 0. 653.626 0. 1164.79 481.6 0. 0. 1. 1163.45 0. 653.626 0. 1164.79 481.6 0. 0. 1. 0.78593 -0.35128 0.50884 -1.51061 0.39215 0.91944 0.02904 -0.05367 -0.47805 0.17672 0.86037 0.056 0. 0. 0. 1.
15.jpg 19.jpg 0 0 1163.45 0. 653.626 0. 1164.79 481.6 0. 0. 1. 1163.45 0. 653.626 0. 1164.79 481.6 0. 0. 1. 0.78593 -0.35128 0.50884 -1.51061 0.39215 0.91944 0.02904 -0.05367 -0.47805 0.17672 0.86037 0.056 0. 0. 0. 1.
15.jpg 10.jpg 0 0 1163.45 0. 653.626 0. 1164.79 481.6 0. 0. 1. 1163.45 0. 653.626 0. 1164.79 481.6 0. 0. 1. 0.78593 -0.35128 0.50884 -1.51061 0.39215 0.91944 0.02904 -0.05367 -0.47805 0.17672 0.86037 0.056 0. 0. 0. 1.
15.jpg 3.jpg 0 0 1163.45 0. 653.626 0. 1164.79 481.6 0. 0. 1. 1163.45 0. 653.626 0. 1164.79 481.6 0. 0. 1. 0.78593 -0.35128 0.50884 -1.51061 0.39215 0.91944 0.02904 -0.05367 -0.47805 0.17672 0.86037 0.056 0. 0. 0. 1.
15.jpg 0.jpg 0 0 1163.45 0. 653.626 0. 1164.79 481.6 0. 0. 1. 1163.45 0. 653.626 0. 1164.79 481.6 0. 0. 1. 0.78593 -0.35128 0.50884 -1.51061 0.39215 0.91944 0.02904 -0.05367 -0.47805 0.17672 0.86037 0.056 0. 0. 0. 1.
15.jpg 17.jpg 0 0 1163.45 0. 653.626 0. 1164.79 481.6 0. 0. 1. 1163.45 0. 653.626 0. 1164.79 481.6 0. 0. 1. 0.78593 -0.35128 0.50884 -1.51061 0.39215 0.91944 0.02904 -0.05367 -0.47805 0.17672 0.86037 0.056 0. 0. 0. 1.
15.jpg 16.jpg 0 0 1163.45 0. 653.626 0. 1164.79 481.6 0. 0. 1. 1163.45 0. 653.626 0. 1164.79 481.6 0. 0. 1. 0.78593 -0.35128 0.50884 -1.51061 0.39215 0.91944 0.02904 -0.05367 -0.47805 0.17672 0.86037 0.056 0. 0. 0. 1.
15.jpg 18.jpg 0 0 1163.45 0. 653.626 0. 1164.79 481.6 0. 0. 1. 1163.45 0. 653.626 0. 1164.79 481.6 0. 0. 1. 0.78593 -0.35128 0.50884 -1.51061 0.39215 0.91944 0.02904 -0.05367 -0.47805 0.17672 0.86037 0.056 0. 0. 0. 1.
5.jpg 22.jpg 0 0 1163.45 0. 653.626 0. 1164.79 481.6 0. 0. 1. 1163.45 0. 653.626 0. 1164.79 481.6 0. 0. 1. 0.78593 -0.35128 0.50884 -1.51061 0.39215 0.91944 0.02904 -0.05367 -0.47805 0.17672 0.86037 0.056 0. 0. 0. 1.
5.jpg 21.jpg 0 0 1163.45 0. 653.626 0. 1164.79 481.6 0. 0. 1. 1163.45 0. 653.626 0. 1164.79 481.6 0. 0. 1. 0.78593 -0.35128 0.50884 -1.51061 0.39215 0.91944 0.02904 -0.05367 -0.47805 0.17672 0.86037 0.056 0. 0. 0. 1.
5.jpg 20.jpg 0 0 1163.45 0. 653.626 0. 1164.79 481.6 0. 0. 1. 1163.45 0. 653.626 0. 1164.79 481.6 0. 0. 1. 0.78593 -0.35128 0.50884 -1.51061 0.39215 0.91944 0.02904 -0.05367 -0.47805 0.17672 0.86037 0.056 0. 0. 0. 1.
5.jpg 9.jpg 0 0 1163.45 0. 653.626 0. 1164.79 481.6 0. 0. 1. 1163.45 0. 653.626 0. 1164.79 481.6 0. 0. 1. 0.78593 -0.35128 0.50884 -1.51061 0.39215 0.91944 0.02904 -0.05367 -0.47805 0.17672 0.86037 0.056 0. 0. 0. 1.
5.jpg 12.jpg 0 0 1163.45 0. 653.626 0. 1164.79 481.6 0. 0. 1. 1163.45 0. 653.626 0. 1164.79 481.6 0. 0. 1. 0.78593 -0.35128 0.50884 -1.51061 0.39215 0.91944 0.02904 -0.05367 -0.47805 0.17672 0.86037 0.056 0. 0. 0. 1.
5.jpg 11.jpg 0 0 1163.45 0. 653.626 0. 1164.79 481.6 0. 0. 1. 1163.45 0. 653.626 0. 1164.79 481.6 0. 0. 1. 0.78593 -0.35128 0.50884 -1.51061 0.39215 0.91944 0.02904 -0.05367 -0.47805 0.17672 0.86037 0.056 0. 0. 0. 1.
5.jpg 19.jpg 0 0 1163.45 0. 653.626 0. 1164.79 481.6 0. 0. 1. 1163.45 0. 653.626 0. 1164.79 481.6 0. 0. 1. 0.78593 -0.35128 0.50884 -1.51061 0.39215 0.91944 0.02904 -0.05367 -0.47805 0.17672 0.86037 0.056 0. 0. 0. 1.
5.jpg 10.jpg 0 0 1163.45 0. 653.626 0. 1164.79 481.6 0. 0. 1. 1163.45 0. 653.626 0. 1164.79 481.6 0. 0. 1. 0.78593 -0.35128 0.50884 -1.51061 0.39215 0.91944 0.02904 -0.05367 -0.47805 0.17672 0.86037 0.056 0. 0. 0. 1.
5.jpg 3.jpg 0 0 1163.45 0. 653.626 0. 1164.79 481.6 0. 0. 1. 1163.45 0. 653.626 0. 1164.79 481.6 0. 0. 1. 0.78593 -0.35128 0.50884 -1.51061 0.39215 0.91944 0.02904 -0.05367 -0.47805 0.17672 0.86037 0.056 0. 0. 0. 1.
5.jpg 0.jpg 0 0 1163.45 0. 653.626 0. 1164.79 481.6 0. 0. 1. 1163.45 0. 653.626 0. 1164.79 481.6 0. 0. 1. 0.78593 -0.35128 0.50884 -1.51061 0.39215 0.91944 0.02904 -0.05367 -0.47805 0.17672 0.86037 0.056 0. 0. 0. 1.
5.jpg 17.jpg 0 0 1163.45 0. 653.626 0. 1164.79 481.6 0. 0. 1. 1163.45 0. 653.626 0. 1164.79 481.6 0. 0. 1. 0.78593 -0.35128 0.50884 -1.51061 0.39215 0.91944 0.02904 -0.05367 -0.47805 0.17672 0.86037 0.056 0. 0. 0. 1.
5.jpg 16.jpg 0 0 1163.45 0. 653.626 0. 1164.79 481.6 0. 0. 1. 1163.45 0. 653.626 0. 1164.79 481.6 0. 0. 1. 0.78593 -0.35128 0.50884 -1.51061 0.39215 0.91944 0.02904 -0.05367 -0.47805 0.17672 0.86037 0.056 0. 0. 0. 1.
5.jpg 18.jpg 0 0 1163.45 0. 653.626 0. 1164.79 481.6 0. 0. 1. 1163.45 0. 653.626 0. 1164.79 481.6 0. 0. 1. 0.78593 -0.35128 0.50884 -1.51061 0.39215 0.91944 0.02904 -0.05367 -0.47805 0.17672 0.86037 0.056 0. 0. 0. 1.
22.jpg 21.jpg 0 0 1163.45 0. 653.626 0. 1164.79 481.6 0. 0. 1. 1163.45 0. 653.626 0. 1164.79 481.6 0. 0. 1. 0.78593 -0.35128 0.50884 -1.51061 0.39215 0.91944 0.02904 -0.05367 -0.47805 0.17672 0.86037 0.056 0. 0. 0. 1.
22.jpg 20.jpg 0 0 1163.45 0. 653.626 0. 1164.79 481.6 0. 0. 1. 1163.45 0. 653.626 0. 1164.79 481.6 0. 0. 1. 0.78593 -0.35128 0.50884 -1.51061 0.39215 0.91944 0.02904 -0.05367 -0.47805 0.17672 0.86037 0.056 0. 0. 0. 1.
22.jpg 9.jpg 0 0 1163.45 0. 653.626 0. 1164.79 481.6 0. 0. 1. 1163.45 0. 653.626 0. 1164.79 481.6 0. 0. 1. 0.78593 -0.35128 0.50884 -1.51061 0.39215 0.91944 0.02904 -0.05367 -0.47805 0.17672 0.86037 0.056 0. 0. 0. 1.
22.jpg 12.jpg 0 0 1163.45 0. 653.626 0. 1164.79 481.6 0. 0. 1. 1163.45 0. 653.626 0. 1164.79 481.6 0. 0. 1. 0.78593 -0.35128 0.50884 -1.51061 0.39215 0.91944 0.02904 -0.05367 -0.47805 0.17672 0.86037 0.056 0. 0. 0. 1.
22.jpg 11.jpg 0 0 1163.45 0. 653.626 0. 1164.79 481.6 0. 0. 1. 1163.45 0. 653.626 0. 1164.79 481.6 0. 0. 1. 0.78593 -0.35128 0.50884 -1.51061 0.39215 0.91944 0.02904 -0.05367 -0.47805 0.17672 0.86037 0.056 0. 0. 0. 1.
22.jpg 19.jpg 0 0 1163.45 0. 653.626 0. 1164.79 481.6 0. 0. 1. 1163.45 0. 653.626 0. 1164.79 481.6 0. 0. 1. 0.78593 -0.35128 0.50884 -1.51061 0.39215 0.91944 0.02904 -0.05367 -0.47805 0.17672 0.86037 0.056 0. 0. 0. 1.
22.jpg 10.jpg 0 0 1163.45 0. 653.626 0. 1164.79 481.6 0. 0. 1. 1163.45 0. 653.626 0. 1164.79 481.6 0. 0. 1. 0.78593 -0.35128 0.50884 -1.51061 0.39215 0.91944 0.02904 -0.05367 -0.47805 0.17672 0.86037 0.056 0. 0. 0. 1.
22.jpg 3.jpg 0 0 1163.45 0. 653.626 0. 1164.79 481.6 0. 0. 1. 1163.45 0. 653.626 0. 1164.79 481.6 0. 0. 1. 0.78593 -0.35128 0.50884 -1.51061 0.39215 0.91944 0.02904 -0.05367 -0.47805 0.17672 0.86037 0.056 0. 0. 0. 1.
22.jpg 0.jpg 0 0 1163.45 0. 653.626 0. 1164.79 481.6 0. 0. 1. 1163.45 0. 653.626 0. 1164.79 481.6 0. 0. 1. 0.78593 -0.35128 0.50884 -1.51061 0.39215 0.91944 0.02904 -0.05367 -0.47805 0.17672 0.86037 0.056 0. 0. 0. 1.
22.jpg 17.jpg 0 0 1163.45 0. 653.626 0. 1164.79 481.6 0. 0. 1. 1163.45 0. 653.626 0. 1164.79 481.6 0. 0. 1. 0.78593 -0.35128 0.50884 -1.51061 0.39215 0.91944 0.02904 -0.05367 -0.47805 0.17672 0.86037 0.056 0. 0. 0. 1.
22.jpg 16.jpg 0 0 1163.45 0. 653.626 0. 1164.79 481.6 0. 0. 1. 1163.45 0. 653.626 0. 1164.79 481.6 0. 0. 1. 0.78593 -0.35128 0.50884 -1.51061 0.39215 0.91944 0.02904 -0.05367 -0.47805 0.17672 0.86037 0.056 0. 0. 0. 1.
22.jpg 18.jpg 0 0 1163.45 0. 653.626 0. 1164.79 481.6 0. 0. 1. 1163.45 0. 653.626 0. 1164.79 481.6 0. 0. 1. 0.78593 -0.35128 0.50884 -1.51061 0.39215 0.91944 0.02904 -0.05367 -0.47805 0.17672 0.86037 0.056 0. 0. 0. 1.
21.jpg 20.jpg 0 0 1163.45 0. 653.626 0. 1164.79 481.6 0. 0. 1. 1163.45 0. 653.626 0. 1164.79 481.6 0. 0. 1. 0.78593 -0.35128 0.50884 -1.51061 0.39215 0.91944 0.02904 -0.05367 -0.47805 0.17672 0.86037 0.056 0. 0. 0. 1.
21.jpg 9.jpg 0 0 1163.45 0. 653.626 0. 1164.79 481.6 0. 0. 1. 1163.45 0. 653.626 0. 1164.79 481.6 0. 0. 1. 0.78593 -0.35128 0.50884 -1.51061 0.39215 0.91944 0.02904 -0.05367 -0.47805 0.17672 0.86037 0.056 0. 0. 0. 1.
21.jpg 12.jpg 0 0 1163.45 0. 653.626 0. 1164.79 481.6 0. 0. 1. 1163.45 0. 653.626 0. 1164.79 481.6 0. 0. 1. 0.78593 -0.35128 0.50884 -1.51061 0.39215 0.91944 0.02904 -0.05367 -0.47805 0.17672 0.86037 0.056 0. 0. 0. 1.
21.jpg 11.jpg 0 0 1163.45 0. 653.626 0. 1164.79 481.6 0. 0. 1. 1163.45 0. 653.626 0. 1164.79 481.6 0. 0. 1. 0.78593 -0.35128 0.50884 -1.51061 0.39215 0.91944 0.02904 -0.05367 -0.47805 0.17672 0.86037 0.056 0. 0. 0. 1.
21.jpg 19.jpg 0 0 1163.45 0. 653.626 0. 1164.79 481.6 0. 0. 1. 1163.45 0. 653.626 0. 1164.79 481.6 0. 0. 1. 0.78593 -0.35128 0.50884 -1.51061 0.39215 0.91944 0.02904 -0.05367 -0.47805 0.17672 0.86037 0.056 0. 0. 0. 1.
21.jpg 10.jpg 0 0 1163.45 0. 653.626 0. 1164.79 481.6 0. 0. 1. 1163.45 0. 653.626 0. 1164.79 481.6 0. 0. 1. 0.78593 -0.35128 0.50884 -1.51061 0.39215 0.91944 0.02904 -0.05367 -0.47805 0.17672 0.86037 0.056 0. 0. 0. 1.
21.jpg 3.jpg 0 0 1163.45 0. 653.626 0. 1164.79 481.6 0. 0. 1. 1163.45 0. 653.626 0. 1164.79 481.6 0. 0. 1. 0.78593 -0.35128 0.50884 -1.51061 0.39215 0.91944 0.02904 -0.05367 -0.47805 0.17672 0.86037 0.056 0. 0. 0. 1.
21.jpg 0.jpg 0 0 1163.45 0. 653.626 0. 1164.79 481.6 0. 0. 1. 1163.45 0. 653.626 0. 1164.79 481.6 0. 0. 1. 0.78593 -0.35128 0.50884 -1.51061 0.39215 0.91944 0.02904 -0.05367 -0.47805 0.17672 0.86037 0.056 0. 0. 0. 1.
21.jpg 17.jpg 0 0 1163.45 0. 653.626 0. 1164.79 481.6 0. 0. 1. 1163.45 0. 653.626 0. 1164.79 481.6 0. 0. 1. 0.78593 -0.35128 0.50884 -1.51061 0.39215 0.91944 0.02904 -0.05367 -0.47805 0.17672 0.86037 0.056 0. 0. 0. 1.
21.jpg 16.jpg 0 0 1163.45 0. 653.626 0. 1164.79 481.6 0. 0. 1. 1163.45 0. 653.626 0. 1164.79 481.6 0. 0. 1. 0.78593 -0.35128 0.50884 -1.51061 0.39215 0.91944 0.02904 -0.05367 -0.47805 0.17672 0.86037 0.056 0. 0. 0. 1.
21.jpg 18.jpg 0 0 1163.45 0. 653.626 0. 1164.79 481.6 0. 0. 1. 1163.45 0. 653.626 0. 1164.79 481.6 0. 0. 1. 0.78593 -0.35128 0.50884 -1.51061 0.39215 0.91944 0.02904 -0.05367 -0.47805 0.17672 0.86037 0.056 0. 0. 0. 1.
20.jpg 9.jpg 0 0 1163.45 0. 653.626 0. 1164.79 481.6 0. 0. 1. 1163.45 0. 653.626 0. 1164.79 481.6 0. 0. 1. 0.78593 -0.35128 0.50884 -1.51061 0.39215 0.91944 0.02904 -0.05367 -0.47805 0.17672 0.86037 0.056 0. 0. 0. 1.
20.jpg 12.jpg 0 0 1163.45 0. 653.626 0. 1164.79 481.6 0. 0. 1. 1163.45 0. 653.626 0. 1164.79 481.6 0. 0. 1. 0.78593 -0.35128 0.50884 -1.51061 0.39215 0.91944 0.02904 -0.05367 -0.47805 0.17672 0.86037 0.056 0. 0. 0. 1.
20.jpg 11.jpg 0 0 1163.45 0. 653.626 0. 1164.79 481.6 0. 0. 1. 1163.45 0. 653.626 0. 1164.79 481.6 0. 0. 1. 0.78593 -0.35128 0.50884 -1.51061 0.39215 0.91944 0.02904 -0.05367 -0.47805 0.17672 0.86037 0.056 0. 0. 0. 1.
20.jpg 19.jpg 0 0 1163.45 0. 653.626 0. 1164.79 481.6 0. 0. 1. 1163.45 0. 653.626 0. 1164.79 481.6 0. 0. 1. 0.78593 -0.35128 0.50884 -1.51061 0.39215 0.91944 0.02904 -0.05367 -0.47805 0.17672 0.86037 0.056 0. 0. 0. 1.
20.jpg 10.jpg 0 0 1163.45 0. 653.626 0. 1164.79 481.6 0. 0. 1. 1163.45 0. 653.626 0. 1164.79 481.6 0. 0. 1. 0.78593 -0.35128 0.50884 -1.51061 0.39215 0.91944 0.02904 -0.05367 -0.47805 0.17672 0.86037 0.056 0. 0. 0. 1.
20.jpg 3.jpg 0 0 1163.45 0. 653.626 0. 1164.79 481.6 0. 0. 1. 1163.45 0. 653.626 0. 1164.79 481.6 0. 0. 1. 0.78593 -0.35128 0.50884 -1.51061 0.39215 0.91944 0.02904 -0.05367 -0.47805 0.17672 0.86037 0.056 0. 0. 0. 1.
20.jpg 0.jpg 0 0 1163.45 0. 653.626 0. 1164.79 481.6 0. 0. 1. 1163.45 0. 653.626 0. 1164.79 481.6 0. 0. 1. 0.78593 -0.35128 0.50884 -1.51061 0.39215 0.91944 0.02904 -0.05367 -0.47805 0.17672 0.86037 0.056 0. 0. 0. 1.
20.jpg 17.jpg 0 0 1163.45 0. 653.626 0. 1164.79 481.6 0. 0. 1. 1163.45 0. 653.626 0. 1164.79 481.6 0. 0. 1. 0.78593 -0.35128 0.50884 -1.51061 0.39215 0.91944 0.02904 -0.05367 -0.47805 0.17672 0.86037 0.056 0. 0. 0. 1.
20.jpg 16.jpg 0 0 1163.45 0. 653.626 0. 1164.79 481.6 0. 0. 1. 1163.45 0. 653.626 0. 1164.79 481.6 0. 0. 1. 0.78593 -0.35128 0.50884 -1.51061 0.39215 0.91944 0.02904 -0.05367 -0.47805 0.17672 0.86037 0.056 0. 0. 0. 1.
20.jpg 18.jpg 0 0 1163.45 0. 653.626 0. 1164.79 481.6 0. 0. 1. 1163.45 0. 653.626 0. 1164.79 481.6 0. 0. 1. 0.78593 -0.35128 0.50884 -1.51061 0.39215 0.91944 0.02904 -0.05367 -0.47805 0.17672 0.86037 0.056 0. 0. 0. 1.
9.jpg 12.jpg 0 0 1163.45 0. 653.626 0. 1164.79 481.6 0. 0. 1. 1163.45 0. 653.626 0. 1164.79 481.6 0. 0. 1. 0.78593 -0.35128 0.50884 -1.51061 0.39215 0.91944 0.02904 -0.05367 -0.47805 0.17672 0.86037 0.056 0. 0. 0. 1.
9.jpg 11.jpg 0 0 1163.45 0. 653.626 0. 1164.79 481.6 0. 0. 1. 1163.45 0. 653.626 0. 1164.79 481.6 0. 0. 1. 0.78593 -0.35128 0.50884 -1.51061 0.39215 0.91944 0.02904 -0.05367 -0.47805 0.17672 0.86037 0.056 0. 0. 0. 1.
9.jpg 19.jpg 0 0 1163.45 0. 653.626 0. 1164.79 481.6 0. 0. 1. 1163.45 0. 653.626 0. 1164.79 481.6 0. 0. 1. 0.78593 -0.35128 0.50884 -1.51061 0.39215 0.91944 0.02904 -0.05367 -0.47805 0.17672 0.86037 0.056 0. 0. 0. 1.
9.jpg 10.jpg 0 0 1163.45 0. 653.626 0. 1164.79 481.6 0. 0. 1. 1163.45 0. 653.626 0. 1164.79 481.6 0. 0. 1. 0.78593 -0.35128 0.50884 -1.51061 0.39215 0.91944 0.02904 -0.05367 -0.47805 0.17672 0.86037 0.056 0. 0. 0. 1.
9.jpg 3.jpg 0 0 1163.45 0. 653.626 0. 1164.79 481.6 0. 0. 1. 1163.45 0. 653.626 0. 1164.79 481.6 0. 0. 1. 0.78593 -0.35128 0.50884 -1.51061 0.39215 0.91944 0.02904 -0.05367 -0.47805 0.17672 0.86037 0.056 0. 0. 0. 1.
9.jpg 0.jpg 0 0 1163.45 0. 653.626 0. 1164.79 481.6 0. 0. 1. 1163.45 0. 653.626 0. 1164.79 481.6 0. 0. 1. 0.78593 -0.35128 0.50884 -1.51061 0.39215 0.91944 0.02904 -0.05367 -0.47805 0.17672 0.86037 0.056 0. 0. 0. 1.
9.jpg 17.jpg 0 0 1163.45 0. 653.626 0. 1164.79 481.6 0. 0. 1. 1163.45 0. 653.626 0. 1164.79 481.6 0. 0. 1. 0.78593 -0.35128 0.50884 -1.51061 0.39215 0.91944 0.02904 -0.05367 -0.47805 0.17672 0.86037 0.056 0. 0. 0. 1.
9.jpg 16.jpg 0 0 1163.45 0. 653.626 0. 1164.79 481.6 0. 0. 1. 1163.45 0. 653.626 0. 1164.79 481.6 0. 0. 1. 0.78593 -0.35128 0.50884 -1.51061 0.39215 0.91944 0.02904 -0.05367 -0.47805 0.17672 0.86037 0.056 0. 0. 0. 1.
9.jpg 18.jpg 0 0 1163.45 0. 653.626 0. 1164.79 481.6 0. 0. 1. 1163.45 0. 653.626 0. 1164.79 481.6 0. 0. 1. 0.78593 -0.35128 0.50884 -1.51061 0.39215 0.91944 0.02904 -0.05367 -0.47805 0.17672 0.86037 0.056 0. 0. 0. 1.
12.jpg 11.jpg 0 0 1163.45 0. 653.626 0. 1164.79 481.6 0. 0. 1. 1163.45 0. 653.626 0. 1164.79 481.6 0. 0. 1. 0.78593 -0.35128 0.50884 -1.51061 0.39215 0.91944 0.02904 -0.05367 -0.47805 0.17672 0.86037 0.056 0. 0. 0. 1.
12.jpg 19.jpg 0 0 1163.45 0. 653.626 0. 1164.79 481.6 0. 0. 1. 1163.45 0. 653.626 0. 1164.79 481.6 0. 0. 1. 0.78593 -0.35128 0.50884 -1.51061 0.39215 0.91944 0.02904 -0.05367 -0.47805 0.17672 0.86037 0.056 0. 0. 0. 1.
12.jpg 10.jpg 0 0 1163.45 0. 653.626 0. 1164.79 481.6 0. 0. 1. 1163.45 0. 653.626 0. 1164.79 481.6 0. 0. 1. 0.78593 -0.35128 0.50884 -1.51061 0.39215 0.91944 0.02904 -0.05367 -0.47805 0.17672 0.86037 0.056 0. 0. 0. 1.
12.jpg 3.jpg 0 0 1163.45 0. 653.626 0. 1164.79 481.6 0. 0. 1. 1163.45 0. 653.626 0. 1164.79 481.6 0. 0. 1. 0.78593 -0.35128 0.50884 -1.51061 0.39215 0.91944 0.02904 -0.05367 -0.47805 0.17672 0.86037 0.056 0. 0. 0. 1.
12.jpg 0.jpg 0 0 1163.45 0. 653.626 0. 1164.79 481.6 0. 0. 1. 1163.45 0. 653.626 0. 1164.79 481.6 0. 0. 1. 0.78593 -0.35128 0.50884 -1.51061 0.39215 0.91944 0.02904 -0.05367 -0.47805 0.17672 0.86037 0.056 0. 0. 0. 1.
12.jpg 17.jpg 0 0 1163.45 0. 653.626 0. 1164.79 481.6 0. 0. 1. 1163.45 0. 653.626 0. 1164.79 481.6 0. 0. 1. 0.78593 -0.35128 0.50884 -1.51061 0.39215 0.91944 0.02904 -0.05367 -0.47805 0.17672 0.86037 0.056 0. 0. 0. 1.
12.jpg 16.jpg 0 0 1163.45 0. 653.626 0. 1164.79 481.6 0. 0. 1. 1163.45 0. 653.626 0. 1164.79 481.6 0. 0. 1. 0.78593 -0.35128 0.50884 -1.51061 0.39215 0.91944 0.02904 -0.05367 -0.47805 0.17672 0.86037 0.056 0. 0. 0. 1.
12.jpg 18.jpg 0 0 1163.45 0. 653.626 0. 1164.79 481.6 0. 0. 1. 1163.45 0. 653.626 0. 1164.79 481.6 0. 0. 1. 0.78593 -0.35128 0.50884 -1.51061 0.39215 0.91944 0.02904 -0.05367 -0.47805 0.17672 0.86037 0.056 0. 0. 0. 1.
11.jpg 19.jpg 0 0 1163.45 0. 653.626 0. 1164.79 481.6 0. 0. 1. 1163.45 0. 653.626 0. 1164.79 481.6 0. 0. 1. 0.78593 -0.35128 0.50884 -1.51061 0.39215 0.91944 0.02904 -0.05367 -0.47805 0.17672 0.86037 0.056 0. 0. 0. 1.
11.jpg 10.jpg 0 0 1163.45 0. 653.626 0. 1164.79 481.6 0. 0. 1. 1163.45 0. 653.626 0. 1164.79 481.6 0. 0. 1. 0.78593 -0.35128 0.50884 -1.51061 0.39215 0.91944 0.02904 -0.05367 -0.47805 0.17672 0.86037 0.056 0. 0. 0. 1.
11.jpg 3.jpg 0 0 1163.45 0. 653.626 0. 1164.79 481.6 0. 0. 1. 1163.45 0. 653.626 0. 1164.79 481.6 0. 0. 1. 0.78593 -0.35128 0.50884 -1.51061 0.39215 0.91944 0.02904 -0.05367 -0.47805 0.17672 0.86037 0.056 0. 0. 0. 1.
11.jpg 0.jpg 0 0 1163.45 0. 653.626 0. 1164.79 481.6 0. 0. 1. 1163.45 0. 653.626 0. 1164.79 481.6 0. 0. 1. 0.78593 -0.35128 0.50884 -1.51061 0.39215 0.91944 0.02904 -0.05367 -0.47805 0.17672 0.86037 0.056 0. 0. 0. 1.
11.jpg 17.jpg 0 0 1163.45 0. 653.626 0. 1164.79 481.6 0. 0. 1. 1163.45 0. 653.626 0. 1164.79 481.6 0. 0. 1. 0.78593 -0.35128 0.50884 -1.51061 0.39215 0.91944 0.02904 -0.05367 -0.47805 0.17672 0.86037 0.056 0. 0. 0. 1.
11.jpg 16.jpg 0 0 1163.45 0. 653.626 0. 1164.79 481.6 0. 0. 1. 1163.45 0. 653.626 0. 1164.79 481.6 0. 0. 1. 0.78593 -0.35128 0.50884 -1.51061 0.39215 0.91944 0.02904 -0.05367 -0.47805 0.17672 0.86037 0.056 0. 0. 0. 1.
11.jpg 18.jpg 0 0 1163.45 0. 653.626 0. 1164.79 481.6 0. 0. 1. 1163.45 0. 653.626 0. 1164.79 481.6 0. 0. 1. 0.78593 -0.35128 0.50884 -1.51061 0.39215 0.91944 0.02904 -0.05367 -0.47805 0.17672 0.86037 0.056 0. 0. 0. 1.
19.jpg 10.jpg 0 0 1163.45 0. 653.626 0. 1164.79 481.6 0. 0. 1. 1163.45 0. 653.626 0. 1164.79 481.6 0. 0. 1. 0.78593 -0.35128 0.50884 -1.51061 0.39215 0.91944 0.02904 -0.05367 -0.47805 0.17672 0.86037 0.056 0. 0. 0. 1.
19.jpg 3.jpg 0 0 1163.45 0. 653.626 0. 1164.79 481.6 0. 0. 1. 1163.45 0. 653.626 0. 1164.79 481.6 0. 0. 1. 0.78593 -0.35128 0.50884 -1.51061 0.39215 0.91944 0.02904 -0.05367 -0.47805 0.17672 0.86037 0.056 0. 0. 0. 1.
19.jpg 0.jpg 0 0 1163.45 0. 653.626 0. 1164.79 481.6 0. 0. 1. 1163.45 0. 653.626 0. 1164.79 481.6 0. 0. 1. 0.78593 -0.35128 0.50884 -1.51061 0.39215 0.91944 0.02904 -0.05367 -0.47805 0.17672 0.86037 0.056 0. 0. 0. 1.
19.jpg 17.jpg 0 0 1163.45 0. 653.626 0. 1164.79 481.6 0. 0. 1. 1163.45 0. 653.626 0. 1164.79 481.6 0. 0. 1. 0.78593 -0.35128 0.50884 -1.51061 0.39215 0.91944 0.02904 -0.05367 -0.47805 0.17672 0.86037 0.056 0. 0. 0. 1.
19.jpg 16.jpg 0 0 1163.45 0. 653.626 0. 1164.79 481.6 0. 0. 1. 1163.45 0. 653.626 0. 1164.79 481.6 0. 0. 1. 0.78593 -0.35128 0.50884 -1.51061 0.39215 0.91944 0.02904 -0.05367 -0.47805 0.17672 0.86037 0.056 0. 0. 0. 1.
19.jpg 18.jpg 0 0 1163.45 0. 653.626 0. 1164.79 481.6 0. 0. 1. 1163.45 0. 653.626 0. 1164.79 481.6 0. 0. 1. 0.78593 -0.35128 0.50884 -1.51061 0.39215 0.91944 0.02904 -0.05367 -0.47805 0.17672 0.86037 0.056 0. 0. 0. 1.
10.jpg 3.jpg 0 0 1163.45 0. 653.626 0. 1164.79 481.6 0. 0. 1. 1163.45 0. 653.626 0. 1164.79 481.6 0. 0. 1. 0.78593 -0.35128 0.50884 -1.51061 0.39215 0.91944 0.02904 -0.05367 -0.47805 0.17672 0.86037 0.056 0. 0. 0. 1.
10.jpg 0.jpg 0 0 1163.45 0. 653.626 0. 1164.79 481.6 0. 0. 1. 1163.45 0. 653.626 0. 1164.79 481.6 0. 0. 1. 0.78593 -0.35128 0.50884 -1.51061 0.39215 0.91944 0.02904 -0.05367 -0.47805 0.17672 0.86037 0.056 0. 0. 0. 1.
10.jpg 17.jpg 0 0 1163.45 0. 653.626 0. 1164.79 481.6 0. 0. 1. 1163.45 0. 653.626 0. 1164.79 481.6 0. 0. 1. 0.78593 -0.35128 0.50884 -1.51061 0.39215 0.91944 0.02904 -0.05367 -0.47805 0.17672 0.86037 0.056 0. 0. 0. 1.
10.jpg 16.jpg 0 0 1163.45 0. 653.626 0. 1164.79 481.6 0. 0. 1. 1163.45 0. 653.626 0. 1164.79 481.6 0. 0. 1. 0.78593 -0.35128 0.50884 -1.51061 0.39215 0.91944 0.02904 -0.05367 -0.47805 0.17672 0.86037 0.056 0. 0. 0. 1.
10.jpg 18.jpg 0 0 1163.45 0. 653.626 0. 1164.79 481.6 0. 0. 1. 1163.45 0. 653.626 0. 1164.79 481.6 0. 0. 1. 0.78593 -0.35128 0.50884 -1.51061 0.39215 0.91944 0.02904 -0.05367 -0.47805 0.17672 0.86037 0.056 0. 0. 0. 1.
3.jpg 0.jpg 0 0 1163.45 0. 653.626 0. 1164.79 481.6 0. 0. 1. 1163.45 0. 653.626 0. 1164.79 481.6 0. 0. 1. 0.78593 -0.35128 0.50884 -1.51061 0.39215 0.91944 0.02904 -0.05367 -0.47805 0.17672 0.86037 0.056 0. 0. 0. 1.
3.jpg 17.jpg 0 0 1163.45 0. 653.626 0. 1164.79 481.6 0. 0. 1. 1163.45 0. 653.626 0. 1164.79 481.6 0. 0. 1. 0.78593 -0.35128 0.50884 -1.51061 0.39215 0.91944 0.02904 -0.05367 -0.47805 0.17672 0.86037 0.056 0. 0. 0. 1.
3.jpg 16.jpg 0 0 1163.45 0. 653.626 0. 1164.79 481.6 0. 0. 1. 1163.45 0. 653.626 0. 1164.79 481.6 0. 0. 1. 0.78593 -0.35128 0.50884 -1.51061 0.39215 0.91944 0.02904 -0.05367 -0.47805 0.17672 0.86037 0.056 0. 0. 0. 1.
3.jpg 18.jpg 0 0 1163.45 0. 653.626 0. 1164.79 481.6 0. 0. 1. 1163.45 0. 653.626 0. 1164.79 481.6 0. 0. 1. 0.78593 -0.35128 0.50884 -1.51061 0.39215 0.91944 0.02904 -0.05367 -0.47805 0.17672 0.86037 0.056 0. 0. 0. 1.
0.jpg 17.jpg 0 0 1163.45 0. 653.626 0. 1164.79 481.6 0. 0. 1. 1163.45 0. 653.626 0. 1164.79 481.6 0. 0. 1. 0.78593 -0.35128 0.50884 -1.51061 0.39215 0.91944 0.02904 -0.05367 -0.47805 0.17672 0.86037 0.056 0. 0. 0. 1.
0.jpg 16.jpg 0 0 1163.45 0. 653.626 0. 1164.79 481.6 0. 0. 1. 1163.45 0. 653.626 0. 1164.79 481.6 0. 0. 1. 0.78593 -0.35128 0.50884 -1.51061 0.39215 0.91944 0.02904 -0.05367 -0.47805 0.17672 0.86037 0.056 0. 0. 0. 1.
0.jpg 18.jpg 0 0 1163.45 0. 653.626 0. 1164.79 481.6 0. 0. 1. 1163.45 0. 653.626 0. 1164.79 481.6 0. 0. 1. 0.78593 -0.35128 0.50884 -1.51061 0.39215 0.91944 0.02904 -0.05367 -0.47805 0.17672 0.86037 0.056 0. 0. 0. 1.
17.jpg 16.jpg 0 0 1163.45 0. 653.626 0. 1164.79 481.6 0. 0. 1. 1163.45 0. 653.626 0. 1164.79 481.6 0. 0. 1. 0.78593 -0.35128 0.50884 -1.51061 0.39215 0.91944 0.02904 -0.05367 -0.47805 0.17672 0.86037 0.056 0. 0. 0. 1.
17.jpg 18.jpg 0 0 1163.45 0. 653.626 0. 1164.79 481.6 0. 0. 1. 1163.45 0. 653.626 0. 1164.79 481.6 0. 0. 1. 0.78593 -0.35128 0.50884 -1.51061 0.39215 0.91944 0.02904 -0.05367 -0.47805 0.17672 0.86037 0.056 0. 0. 0. 1.
16.jpg 18.jpg 0 0 1163.45 0. 653.626 0. 1164.79 481.6 0. 0. 1. 1163.45 0. 653.626 0. 1164.79 481.6 0. 0. 1. 0.78593 -0.35128 0.50884 -1.51061 0.39215 0.91944 0.02904 -0.05367 -0.47805 0.17672 0.86037 0.056 0. 0. 0. 1.
